examples_in_prep/grid_ascii.grd
DSAA
300 300
284213.5 284354.44
5036149 5036264.28
0.0019376371796251 0.10260214938211
[rows 76 to 94 of 300, columns 252 to 293 of 300]
0.02895059686229007 0.02906410173201362 0.02917666975815059 0.02928829238240081 0.02939896143053517 0.02950866905368568 0.02961740768338872 0.02972517000380958 0.02983194894266416 0.02993773767990675 0.03004252967191599 0.030146318688461 0.03024909885898824 0.03035086472472894 0.03045161129366628 0.03055133409539212 0.03065002923332331 0.03074769343264861 0.03084432408217929 0.03093991926939932 0.03103447780798189 0.03112799925741309 0.0312204839349701 0.03131193292020854 0.03140234805229565 0.03149173192104307 0.03158008785195918 0.03166741988630656 0.03175373275677257 0.0318390318593758 0.03192332322249179 0.03200661347355066 0.03208890980392044 0.03217021993271311 0.03225055206990747 0.03232991487913053 0.03240831744072178 0.032485769215108 0.03256228000700672 0.03263785993058604 0.0327125193756763 0.03278626897534827
0.02860295969055624 0.02871660420146922 0.02882942839106367 0.02894141782732285 0.02905255856805266 0.02916283709809087 0.02927224028426249 0.02938075535139754 0.02948836988033747 0.02959507182614334 0.02970084955331752 0.02980569188442435 0.02990958815786459 0.03001252829065828 0.03011450284278683 0.0302155030797862 0.03031552103086109 0.03041454954081345 0.03051258231396899 0.03060961394949129 0.03070563996749152 0.03080065682575255 0.03089466192751368 0.03098765362067976 0.03107963118898791 0.03117059483619004 0.03126054566374209 0.03134948564315621 0.0314374175837647 0.03152434509663989 0.03161027255566622 0.03169520505639963 0.03177914837329701 0.03186210891611279 0.03194409368589667 0.03202511023096262 0.03210516660347568 0.0321842713166955 0.03226243330339986 0.03233966187561319 0.03241596668573156 0.03249135768934965
0.02826066895848086 0.02837430164838002 0.02848723836425829 0.02859945816593007 0.02871094078422709 0.02882166653681435 0.02893161627071132 0.02904077133354771 0.02914911357288784 0.0292566253601897 0.02936328963464045 0.0294690899618837 0.02957401060224138 0.02967803658339249 0.02978115377339406 0.02988334895029891 0.0299846098653737 0.03008492529811475 0.03018428510124853 0.03028268023521911 0.0303801027917307 0.03047654600636657 0.03057200426096144 0.03066647307631464 0.03075994909600729 0.03085243006259116 0.03094391478683578 0.03103440311136229 0.03112389586956357 0.03121239484068347 0.03129990270215629 0.03138642297993081 0.03147195999742448 0.03155651882396283 0.03164010522316996 0.0317227256017075 0.03180438695902495 0.03188509683816114 0.03196486327812688 0.03204369476798212 0.03212160020268872 0.03219858884103454
0.02792367261388679 0.02803714683344851 0.02815005699209384 0.02826237504084446 0.02837407384980308 0.0284851270863471 0.02859550913418918 0.02870519505267921 0.02881416057299046 0.02892238212521645 0.0290298368893857 0.02913650286353616 0.02924235894195326 0.02934738499739332 0.02945156196237801 0.02955487190528194 0.02965729809792671 0.02975882507277325 0.02985943866793229 0.02995912605962844 0.03005787578189101 0.03015567773373079 0.03025252317474068 0.03034840470997201 0.0304433162650932 0.03053725305334027 0.03063021153514556 0.0307221893719641 0.03081318537535082 0.03090319945228974 0.0309922325479867 0.03108028658693177 0.03116736441294106 0.03125346972907686 0.03133860703795011 0.03142278158281054 0.03150599929010816 0.03158826671355413 0.03166959098021149 0.03174997973871497 0.03182944110968284 0.03190798363860255
0.02759191231878764 0.0277050867964131 0.02781783635462237 0.02793012528726206 0.02804191910837597 0.02815318437894044 0.0282638885938089 0.0283740001240822 0.02848348820764236 0.02859232297842294 0.02870047552450397 0.02880791796581117 0.02891462354270489 0.02902056670793987 0.02912572321616566 0.02923007020611954 0.02933358627193478 0.02943625152158224 0.02953804762073977 0.02963895782191902 0.02973896697887536 0.02983806154685237 0.02993622956990639 0.03003346065645882 0.03012974594436378 0.03022507805725973 0.03031945105331235 0.03041286036806343 0.03050530275260281 0.03059677620819265 0.03068727991866338 0.030776814181468 0.03086538033815585 0.03095298070521294 0.03103961850579311 0.0311252978027509 0.03121002343367063 0.0312938009479033 0.03137663654613191 0.03145853702254596 0.0315395097096622 0.03161956242605341
0.02726532392156809 0.02737806326225343 0.02749052365182881 0.02760266124691329 0.02771443375951975 0.02782580022229795 0.02793672083820495 0.02804715690403171 0.02815707079536896 0.0282664259991989 0.02837518718062735 0.02848332027173987 0.02859079257177586 0.02869757284962161 0.02880363144182101 0.02890894034069847 0.02901347326876975 0.0291172057374572 0.0292201150885576 0.02932218051856423 0.02942338308619746 0.02952370570405375 0.02962313311597802 0.0297216518616531 0.02981925023000593 0.02991591820348262 0.03001164739453867 0.03010643097626415 0.03020026360852854 0.03029314136090053 0.03038506163377016 0.03047602307862657 0.03056602551830866 0.03065506986820124 0.03074315805891945 0.03083029296089239 0.03091647831153178 0.03100171864498002 0.03108601922493933 0.03116938598063409 0.0312518254459132 0.03133334470172756
0.02694383800476354 0.02705601310523299 0.02716806160309941 0.02727993111844007 0.02739157117224544 0.02750293288541359 0.02761396879062428 0.02772463273903632 0.0278348798829719 0.02794466671551067 0.02805395114934778 0.02816269261975006 0.02827085219853138 0.0283783927085059 0.02848527883067677 0.02859147719826425 0.02869695647361647 0.02880168740612477 0.02890564286987184 0.02900879788148704 0.029111129598993 0.02921261730299013 0.02931324236221258 0.02941298818534418 0.02951184016104417 0.02960978558854681 0.02970681360043182 0.02980291507970605 0.02989808257273993 0.02999231019944822 0.0300855935622358 0.03017792965472607 0.03026931677112688 0.03035975441723217 0.03044924322360018 0.03053778486131028 0.03062538196097128 0.03071203803493939 0.03079775740322658 0.03088254512311043 0.03096640692241833 0.03104934913668462
0.02662738048405841 0.02673886884971411 0.02685038887382326 0.02696187932866862 0.02707328121543005 0.0271845373989504 0.02729559238704676 0.02740639222710395 0.02751688449350751 0.02762701834079011 0.02773674460022618 0.02784601590132967 0.02795478680284006 0.02806301392116454 0.02817065604770728 0.02827767424886306 0.02838403194474931 0.028489694965084 0.02859463158136632 0.02869881251635423 0.0288022109321712 0.02890480239891514 0.02900656484631973 0.02910747850079571 0.02920752581020072 0.02930669135903559 0.02940496177593191 0.02950232563579217 0.02959877335829182 0.02969429710425339 0.02978889067150001 0.02988254939125874 0.02997527002599296 0.03006705066967384 0.03015789065101584 0.03024779044006043 0.03033675155874847 0.03042477649540336 0.03051186862356168 0.030598032125125 0.03068327191775456 0.03076759358666951
0.02631587325044869 0.02642655920438781 0.02653744052980527 0.02664844692882282 0.02675951061199312 0.02687056587910363 0.02698154887793295 0.02709239750285888 0.02720305139822023 0.02731345203465657 0.02742354283125189 0.0275332693015022 0.02764257920544442 0.02775142269461232 0.02785975244064961 0.02796752374128809 0.02807469460004175 0.02818122577853535 0.02828708082126135 0.02839222605444971 0.02849663056106452 0.02860026613445571 0.02870310721379378 0.02880513080413377 0.02890631638388483 0.02900664580274469 0.02910610317224407 0.02920467475148091 0.0293023488299195 0.02939911560886927 0.02949496708332522 0.02958989692528249 0.02968390036940493 0.02977697410205622 0.02986911615419163 0.02996032579845479 0.03005060345107964 0.03013995057846706 0.03022836960882395 0.03031586384878351 0.03040243740487663 0.03048809510996555
0.02600923482183837 0.02611900960221373 0.02622914849682548 0.02633957199710241 0.02645020330148346 0.0265609678621048 0.02667179314263937 0.02678260853692207 0.0268933454038112 0.02700393717950779 0.02711431953520492 0.02722443055480711 0.02733421091308916 0.02744360403999626 0.02755255626168558 0.02766101691229583 0.0277689384134068 0.02787627632091215 0.0279829893399769 0.02808903931066362 0.02819439116708664 0.02829901287339052 0.0284028753403584 0.02850595232606863 0.02860822032384601 0.02870965844094524 0.02881024827039729 0.02890997375881961 0.02900882107220793 0.02910677846142274 0.02920383612911048 0.02929998609917911 0.02939522208970831 0.02948953939026977 0.02958293474411464 0.02967540623551335 0.0297669531828008 0.0298575760369178 0.02994727628578789 0.03003605636437684 0.03012391957024353 0.03021086998464009
0.02570738096800561 0.02581614271734876 0.02592544200257124 0.0260351900295487 0.026145300796606 0.02625569063760164 0.02636627800669923 0.02647698344113677 0.02658772964755293 0.0266984416660762 0.02680904707535058 0.0269194762103708 0.02702966237202655 0.02713954201361156 0.02724905489517859 0.02735814420047581 0.02746675661444981 0.02757484236219735 0.02768235521121236 0.02778925244063416 0.02789549478138746 0.02800104633140131 0.02810587445048862 0.02820994963892699 0.02831324540349339 0.02841573811478035 0.02851740685850891 0.02861823328384618 0.02871820145087184 0.02881729767898392 0.02891551039801019 0.02901283000314022 0.02910924871452394 0.02920476044246079 0.02929936065857548 0.02939304627318985 0.02948581551937166 0.02957766784337135 0.02966860380171263 0.02975862496470706 0.02984773382613571 0.02993593371908346
0.02541022529097898 0.02551787894973242 0.0256262479983989 0.02573523432184542 0.02584474254020593 0.02595467959022687 0.0260649545732377 0.02617547879221199 0.02628616591363812 0.02639693220179304 0.02650769678450578 0.02661838192012561 0.02672891324386547 0.0268392199790468 0.02694923510507037 0.02705889547818029 0.02716814190453713 0.02727691916804988 0.02738517601631851 0.02749286510977792 0.02759994293913587 0.02770636971633858 0.02781210924448496 0.02791712877141753 0.02802139883126418 0.02812489307815356 0.02822758811509004 0.02832946332118082 0.02843050067946221 0.02853068460715862 0.02863000179013971 0.02872844102265575 0.02882599305312937 0.02892265043686247 0.02901840739595638 0.02911325968656853 0.02920720447389128 0.02930024021447188 0.0293923665460483 0.0294835841845922 0.02957389482821222 0.02966330106784243
0.02511767972208518 0.02522413684819905 0.02533149153907871 0.0254396363255852 0.025548466250097 0.02565787853942571 0.02576777256037389 0.02587804996674702 0.02598861496434693 0.02609937463582179 0.02621023928138242 0.02632112274397804 0.02643194269737329 0.02654262088384699 0.02665308329509642 0.02676326029445499 0.02687308668204506 0.02698250170735552 0.02709144903446366 0.02719987666663724 0.0273077368368195 0.02741498587038121 0.02752158402649201 0.02762749532355697 0.0277326873535212 0.02783713108964834 0.02794080069100558 0.028043673306997 0.02814572888425972 0.02824694997775746 0.02834732156780294 0.02844683088401239 0.02854546723688082 0.02864322185772714 0.02874008774719872 0.02883605953233923 0.02893113333249799 0.02902530663358614 0.02911857817075585 0.02921094781909608 0.02930241649190745 0.02939298604640537
0.02482965489911279 0.02493483344578241 0.025041096101613 0.02514832596533346 0.02525640824164292 0.02536523006977701 0.0254746806382577 0.02558465148204137 0.02569503688073355 0.02580573429544845 0.02591664479868926 0.02602767346609676 0.02613872971004591 0.02624972754414358 0.02636058577493709 0.02647122812179927 0.02658158326937098 0.02669158485960109 0.026801171430851 0.02691028631272192 0.02701887748468999 0.02712689740620683 0.02723430282559713 0.02734105457393353 0.02744711734921181 0.02755245949578059 0.02765705278246626 0.02776087218283194 0.02786389565990639 0.02796610395717025 0.02806748039744861 0.02816801069059793 0.02826768275054766 0.02836648652230375 0.02846441381896775 0.02856145816863146 0.02865761467129732 0.02875287986520076 0.0288472516024982 0.02894072893380208 0.02903331200103469 0.02912500193835306
0.02454606041652163 0.02464988451050581 0.02475498385356706 0.02486123193169298 0.02496850374632571 0.02507667587182821 0.02518562678665939 0.02529523736389502 0.02540539143391749 0.02551597635454356 0.02562688354319816 0.02573800894195535 0.02584925339850952 0.02596052295578577 0.02607172905035924 0.02618278862440136 0.02629362415902083 0.02640416363911569 0.02651434045984267 0.02662409328554185 0.02673336587094977 0.02684210685370631 0.0269502695265059 0.02705781159578624 0.02716469493276476 0.02727088532206979 0.02737635221155071 0.02748106846674565 0.02758501013229324 0.02768815620197473 0.02779048839889682 0.02789199096654513 0.02799265047108805 0.02809245561537649 0.02819139706451157 0.02828946728268136 0.02838666038126445 0.02848297197743112 0.0285783990630775 0.02867293988345852 0.02876659382487888 0.02885936131110695
0.0242668049108479 0.02436920468317154 0.02447307584838502 0.02457828193143704 0.02468468720933029 0.02479215707731109 0.02490055865707871 0.02500976152498478 0.02511963846990219 0.02523006621621331 0.02534092606904246 0.02545210445658434 0.02556349335746774 0.02567499061104795 0.0257865001159026 0.02589793192599852 0.02600920225662488 0.0261202334138368 0.0262309536605214 0.02634129703233233 0.02645120311520124 0.02656061679482468 0.0266694879874755 0.02677777135970855 0.0268854260431787 0.02699241535003281 0.02709870649252117 0.02720427031025742 0.02730908100729478 0.02741311590052769 0.02751635518073339 0.02761878168676497 0.02772038069306101 0.02782113971070174 0.02792104830168582 0.02802009790593357 0.02811828168084636 0.0282155943524866 0.02831203207807972 0.02840759231906742 0.02850227372396107 0.02859607602056308
0.02399179599410491 0.02409270752248454 0.02419529217226783 0.02429940292136593 0.02440489259346673 0.02451161461583177 0.02461942396566163 0.0247281781789775 0.02483773833180101 0.02494796993220851 0.02505874368556743 0.02516993611420716 0.02528143002637441 0.02539311483924941 0.02550488676776347 0.02561664889447532 0.02572831113759001 0.02583979013501903 0.02595100906092277 0.02606189739057711 0.02617239062720547 0.02628243000256193 0.02639196216155594 0.02650093883906063 0.02660931653542977 0.02671705619628579 0.02682412290017021 0.02693048555734302 0.02703611662167607 0.02714099181690218 0.02724508987826069 0.02734839230977946 0.02745088315708984 0.02755254879575539 0.02765337773454747 0.02775336043296473 0.02785248913262624 0.02795075770143061 0.0280481614900254 0.02814469719968003 0.02824036276069129 0.02833515722077958
0.0237209400387537 0.02382030546519878 0.02392155205171344 0.02402452133480222 0.02412905369721471 0.0242349895991318 0.02434217092107 0.02445044229248421 0.02455965231957712 0.02466965465733685 0.02478030889630789 0.02489148125440073 0.02500304507777052 0.02511488116427019 0.02522687792911986 0.02533893143490689 0.02545094530872795 0.02556283056899517 0.0256745053819336 0.02578589476631262 0.02589693026197382 0.02600754957525206 0.02611769621238312 0.02622731910948058 0.02633637226574956 0.02644481438545732 0.02655260853206127 0.02665972179750917 0.02676612498833506 0.02687179232946512 0.02697670118643069 0.02708083180588781 0.02718416707402388 0.02728669229253623 0.02738839497135326 0.02748926463714399 0.02758929265704441 0.02768847207629142 0.02778679746914984 0.02788426480207969 0.0279808713081431 0.02807661537200501
0.02345414183810431 0.02355190972455856 0.02365177394286664 0.02375356331900156 0.02385710450196847 0.02396222374472379 0.02406874869589832 0.02417651008041948 0.02428534319009023 0.02439508913921742 0.02450559586732309 0.02461671889125107 0.0247283218223476 0.0248402766729269 0.02495246398104959 0.02506477278362809 0.02517710046707463 0.0252893525230076 0.02540144223279497 0.02551329030215896 0.02562482446323242 0.02573597905828837 0.02584669461685194 0.0259569174349987 0.02606659916345436 0.02617569640978161 0.02628417035770078 0.02639198640614529 0.02649911382922713 0.02660552545758309 0.02671119738136845 0.02681610867439471 0.02692024113861926 0.02702357906833878 0.02712610903295536 0.02722781967710008 0.02732870153730461 0.02742874687371546 0.02752794951605632 0.02762630472263822 0.02772380905128405 0.02782046024141551
