examples_in_prep/grid_ascii.grd
DSAA
300 300
284213.5 284354.44
5036149 5036264.28
0.0019376371796251 0.10260214938211
[rows 266 to 284 of 300, columns 252 to 293 of 300]
0.01291018430944236 0.01282105441349428 0.01273244319370308 0.01264480898953311 0.01255840156613702 0.01247330520112173 0.01238946219353313 0.01230668359319219 0.01222466075650679 0.01214300400906774 0.01206133942884399 0.01197945409037832 0.011897397262916 0.01181544509846941 0.01173396827269302 0.01165331555967292 0.01157376311544767 0.01149551128438491 0.01141869971248072 0.01134342461887937 0.01126975287192875 0.01119773225588013 0.01112739870023218 0.01105878138071302 0.0109919064025691 0.01092679954665483 0.01086348837328541 0.01080200384345331 0.01074238152649991 0.01068466240978762 0.01062889330412623 0.010575126842933 0.01052342109398925 0.01047383882953137 0.01042644652363404 0.01038131315796446 0.01033850891604869 0.01029810383542562 0.01026016647026613 0.01022476260050633 0.01019195401023761 0.01016179734973902
0.01278394706319376 0.01269480050472736 0.01260661364665223 0.01251974727532609 0.01243436361521745 0.01235047572285974 0.01226797730589078 0.01218666281190204 0.01210625031051724 0.0120264227782164 0.01194689790993027 0.01186751178215023 0.01178827103616979 0.01170933633791982 0.0116309528818492 0.01155337765879233 0.0114768355200991 0.01140150471472111 0.01132751939849618 0.01125497836479324 0.01118395439395797 0.01111450218854687 0.01104666454472551 0.01098047700452806 0.01091597135125918 0.01085317825982844 0.01079212932409666 0.01073285859860893 0.01067540372814899 0.01061980669735176 0.01056611421313983 0.01051437773187343 0.01046465315435213 0.01041700022815724 0.01037148171195811 0.01032816236504399 0.01028710782567233 0.01024838343563888 0.01021205305747425 0.01017817791924437 0.0101468155119236 0.01011801855723441
0.01264996547286591 0.01256122584829493 0.01247393150572415 0.01238831445964448 0.01230443489899004 0.01222223096125019 0.01214154973034699 0.01206217015017349 0.01198382785534977 0.01190625060814379 0.01182920659332961 0.0117525543440352 0.01167627156165337 0.01160044653717723 0.01152523917674072 0.01145083505015119 0.0113774114782546 0.0113051206489939 0.01123408554522998 0.01116440266492491 0.01109614722585865 0.01102937860319966 0.01096414510376677 0.01090048786512298 0.0108384439436014 0.01077804873026457 0.01071933782586076 0.01066234847067168 0.01060712058972886 0.01055369748753901 0.01050212621243308 0.01045245760865864 0.0104047460805654 0.01035904910330643 0.01031542652448257 0.01027393970727281 0.01023465056639666 0.01019762054476023 0.01016290957138565 0.01013057503331847 0.01010067078674657 0.01007324622672537
0.01250755423139914 0.0124198554360176 0.01233408511437778 0.01225032472867704 0.01216852552327914 0.01208855155707936 0.01201020662263741 0.01193325484197085 0.01185744226640296 0.01178252414313405 0.01170829749180925 0.01163463154528833 0.01156148424143546 0.01148889711155061 0.01141697195063648 0.01134584099035329 0.01127564169705676 0.01120650107911548 0.01113852883151626 0.01107181636628827 0.0110064388885258 0.01094245861615745 0.01087992812129185 0.01081889334623327 0.01075939615459644 0.01070147641487357 0.0106451736604465 0.01059052837406428 0.01053758293475835 0.01048638225356657 0.01043697411735731 0.0103894092594463 0.0103437411799447 0.01030002574547072 0.0102583206047787 0.01021868446133864 0.01018117624486368 0.01014585422192785 0.01011277508100616 0.01008199302182877 0.01005355887337165 0.01002751926009663
0.01235604093311672 0.01227025493093504 0.01218681208575421 0.01210563981111563 0.01202658591717198 0.01194944887924747 0.01187399684035641 0.01179998279535843 0.01172716070806337 0.01165530480620267 0.0115842309262588 0.01151381510462375 0.0114440029928084 0.01137480624170675 0.01130628758808859 0.01123854081905297 0.01117167216922276 0.01110578693297486 0.01104098190887941 0.01097734244617354 0.01091494240435246 0.01085384562574607 0.01079410800076408 0.01073577961070287 0.01067890669951124 0.01062353337546159 0.01056970301712722 0.01051745938745592 0.01046684746874953 0.01041791403227341 0.01037070795600754 0.01032528030606088 0.01028168420135127 0.01023997448631354 0.01020020724166507 0.01016243916677234 0.01012672686823519 0.01009312608850383 0.01006169090515889 0.01003247292777077 0.0100055205151226 0.009980878031798363
0.01219484973071057 0.01211208937957847 0.01203194048432077 0.01195419859253913 0.01187862944874029 0.01180498405598147 0.01173300850344061 0.01166245286994914 0.0115930816289996 0.0115246862481687 0.01145709865244044 0.01139020237513147 0.01132393770235497 0.01125829871661975 0.01119332314956025 0.0111290784357031 0.01106564788989284 0.01100311970900537 0.01094157973966232 0.01088110765548718 0.01082177562712623 0.01076364854175128 0.01070678503956226 0.01065123888339355 0.01059706037678166 0.01054429767873317 0.01049299794247007 0.01044320824715273 0.01039497631256766 0.01034835099677056 0.01030338258218052 0.01026012286044869 0.01021862503119947 0.01017894343449597 0.01014113314136357 0.01010524942976461 0.01007134717463815 0.01003948018050569 0.01000970048312597 0.009982057644154607 0.009956598059744675 0.009933364300996386
0.01202360336571308 0.01194518895937876 0.01186943222403646 0.0117960468914599 0.01172475412044221 0.01165528506760789 0.01158738333878429 0.01152080881311068 0.01145534352386518 0.0113907993581595 0.0113270262596217 0.01126391875169918 0.01120141852845804 0.0111395118846339 0.01107822246303341 0.01101760124659701 0.01095771618613769 0.01089864333142919 0.01084046036628997 0.01078324259273912 0.01072706091999959 0.01067198126546577 0.0106180648293212 0.01056536883600922 0.01051394746853281 0.01046385282551051 0.01041513580249622 0.01036784684324277 0.0103220365332053 0.01027775602303151 0.01023505727934782 0.01019399316728832 0.01015461737497407 0.01011698419498684 0.01008114818212602 0.0100471637096473 0.01001508444757584 0.009984962787098605 0.00995684923382765 0.00993079179109292 0.009906835352213466 0.009885021118318777
0.01184222549642979 0.01176961068177142 0.01169942183847043 0.01163136303340427 0.01156516050708396 0.01150056021823846 0.01143732728232166 0.01137524745838735 0.01131413058506846 0.01125381540742353 0.01119417468143187 0.01113511905417088 0.01107659829971922 0.01101859915702136 0.01096114002701752 0.01090426366321474 0.01084802934655685 0.01079250582591164 0.01073776577571484 0.01068388197553333 0.01063092503864264 0.01057896234196051 0.01052805778512 0.010478272061009 0.01042966319899357 0.010382287215645 0.01033619876582804 0.01029145172741596 0.01024809968029435 0.01020619625809554 0.01016579536291134 0.01012695124192138 0.01008971843143899 0.01005415157897268 0.01002030515814446 0.009988233094219996 0.009957988319597128 0.009929622279406393 0.009903184406754901 0.0098787215861677 0.00985627762220128 0.009835892728343116
0.01165101808948705 0.01158568274376494 0.01152224326032015 0.01146047495860194 0.01140016342258938 0.01134110662790017 0.01128311688139759 0.01122602338814353 0.0111696756575328 0.01111394746501699 0.01105874066803237 0.01100398793990847 0.01094965356362357 0.0108957318437091 0.01084224330185516 0.01078922936082483 0.01073674647782169 0.0106848606151019 0.01063364264395919 0.0105831649326179 0.01053349909320617 0.01048471470265563 0.01043687875453864 0.0103900556077091 0.01034430723758613 0.01029969364323457 0.01025627330650414 0.01021410363298499 0.01017324132960162 0.01013374269138352 0.01009566378243124 0.01005906050550736 0.01002398856166205 0.009990503306618473 0.009958659514916465 0.009928511065802384 0.00990011056659615 0.009873508930390566 0.009848754924748331 0.009825894707570088 0.009804971365216013 0.009786024466528893
0.01145069062444025 0.01139402025959484 0.01133843876840329 0.01128386567115049 0.01123019554817579 0.01117731285413189 0.01112510120671172 0.01107345013646601 0.01102226065873818 0.01097145010822941 0.01092095611922531 0.01087073935212037 0.01082078455312479 0.01077109975530095 0.0107217137785837 0.01067267251085468 0.0106240346239916 0.01057586735798279 0.01052824284170574 0.01048123519911778 0.01043491849345688 0.01038936542858989 0.0103446466598762 0.010300830551253 0.01025798322938368 0.01021616881256247 0.01017544972150952 0.01013588700477849 0.01009754063259968 0.01006046972902312 0.01002473272422965 0.009990387418200438 0.009957490953964449 0.009926099703970353 0.009896269077392212 0.009868053259187867 0.009841504893618201 0.009816674726251862 0.009793611218621837 0.009772360149576028 0.009752964216630744 0.009735462649559948
0.01124233081824187 0.0111955075798122 0.011148747698167 0.01110216576973748 0.01105580238325657 0.01100965539563659 0.01096369928830714 0.01091789808322088 0.01087221461131246 0.0108266174777591 0.01078108625735949 0.01073561503111028 0.01069021423333227 0.0106449108396119 0.01059974709712377 0.01055477817728429 0.01051006923278044 0.01046569233315448 0.01042172365421346 0.01037824115277463 0.01033532281846569 0.01029304548767133 0.01025148414033084 0.01021071157312827 0.01017079834075935 0.01013181286900721 0.01009382166149016 0.01005688953998478 0.01002107987474135 0.009986454774734241 0.009953075218494478 0.009921001114841269 0.009890291289513018 0.009861003398838062 0.009833193775712604 0.009806917216140958 0.009782226716522706 0.009759173173330506 0.009737805057190622 0.009718168073515537 0.009700304821386096 0.009684254461586149
0.01102732491866166 0.01099125090943269 0.01095407676551326 0.0109161340644586 0.01087762913693949 0.01083868952718448 0.01079939344812502 0.01075978934809048 0.01071990950714348 0.01067977979292243 0.01063942668828826 0.01059888214371036 0.01055818654606102 0.01051739003009328 0.01047655240301084 0.01043574202781361 0.01039503405694361 0.01035450839521838 0.01031424770387561 0.01027433565853953 0.01023485557220253 0.01019588940999358 0.01015751716474627 0.01011981653105817 0.01008286280444978 0.01004672893416897 0.01001148566755335 0.009977201735371297 0.009943944039571518 0.00991177781553956 0.009880766749934534 0.009850973042787082 0.00982245740860354 0.009795279015966149 0.009769495368998803 0.009745162136932233 0.00972233293992187 0.00970105910077494 0.009681389372773177 0.009663369654085895 0.009647042699029908 0.009632447835868883
0.01080724968988546 0.01078251182040347 0.01075545743017753 0.01072662923907004 0.0106964012843159 0.01066503554599155 0.01063271925239654 0.01059959018307927 0.01056575433478777 0.01053129852987703 0.01049629947243125 0.01046083012845887 0.01042496396702383 0.01038877744681137 0.01035235108963418 0.0103157694857 0.01027912057809111 0.01024249455043289 0.01020598258853644 0.01016967571343961 0.01013366380648136 0.01009803487974895 0.01006287459487917 0.01002826600155077 0.009994289451039593 0.009961022635583253 0.009928540707223141 0.009896916435986964 0.009866220375249576 0.009836521009948172 0.00980788487040641 0.009780376600859668 0.009754058977017014 0.009728992871191238 0.009705237167074735 0.009682848628872868 0.009661881731352904 0.0096423884588571 0.009624418081930413 0.009608016920641475 0.009593228103595449 0.009580091331222496
0.01058376163631036 0.01057063488599406 0.01055399747165496 0.01053457663344149 0.01051290121549013 0.01048936194844134 0.01046425307626536 0.01043780152876073 0.01041018771536366 0.01038156055553933 0.01035204840168495 0.01032176690474525 0.01029082451179857 0.01025932608816322 0.01022737506145528 0.0101950744420015 0.01016252704620109 0.01012983521507652 0.0100971002725263 0.01006442190908698 0.01003189761638239 0.009999622242614879 0.009967687695892983 0.009936182791997273 0.00990519322503286 0.009874801630758899 0.009845087710767281 0.009816128387769078 0.009787997966823645 0.009760768282597353 0.009734508817952712 0.009709286784170251 0.009685167157413261 0.00966221266963155 0.009640483755185994 0.009620038456853806 0.009600932296567302 0.009583218117649006 0.009566945905946327 0.009552162597746633 0.009538911882376025 0.009527234007099403
0.01035850268768106 0.01035698083896521 0.01035083356501655 0.01034093426323191 0.01032794354075205 0.01031236718020103 0.01029459836198052 0.01027494845786142 0.01025366963225397 0.01023097154101491 0.01020703370120261 0.01018201460463815 0.01015605832043865 0.01012929913055811 0.01010186462570981 0.01007387762146697 0.01004545720837789 0.01001671920797219 0.009987776261205643 0.009958737726000908 0.009929709510616679 0.009900793923893963 0.009872089585651046 0.0098436914125105 0.009815690675696938 0.009788175116406579 0.00976122909968296 0.009734933786780232 0.009709367307828107 0.009684604919665735 0.009660719137187378 0.009637779830258202 0.009615854281622135 0.009595007204125291 0.009575300718198537 0.009556794292579314 0.009539544652765762 0.00952360566297763 0.009509028188028998 0.009495859941989747 0.009484145330621894 0.00947392529435895
0.01013303137204998 0.01014287234066583 0.01014708983504188 0.01014666145276338 0.01014235132860109 0.0101347615069054 0.01012437163451107 0.01011156924470358 0.01009667276967986 0.01007994901529708 0.01006162641311977 0.01004190501920823 0.01002096397455437 0.009998966968025304 0.009976066129089281 0.009952404703392067 0.009928118811141824 0.009903338543361517 0.009878188607973164 0.009852788693987074 0.009827253679736575 0.009801693772327277 0.009776214632591759 0.009750917514283568 0.009725899427887229 0.009701253327374029 0.00967706831166347 0.009653429829437012 0.009630419875698551 0.00960811716968993 0.009586597305771227 0.00956593287138939 0.009546193528721577 0.009527446058814795 0.009509754369156197 0.009493179467303697 0.00947777940449049 0.0094636091942479 0.009450720711661653 0.009439162579335955 0.00942898004626338 0.009420214865655821
0.009908779744455754 0.009929554839203722 0.009943845004856827 0.009952692251839463 0.009956934933764969 0.009957250228673154 0.009954189165138055 0.009948204704507859 0.009939673923713786 0.009928915392526617 0.009916202704148313 0.009901774940083749 0.009885844688559287 0.009868604108620489 0.009850229438798805 0.009830884281869396 0.009810721945957942 0.009789887079090391 0.009768516794701214 0.009746741447264746 0.00972468518093034 0.009702466340848242 0.009680197808222931 0.009657987297093367 0.009635937633416299 0.009614147024716812 0.009592709320913963 0.009571714262401141 0.009551247709668802 0.009531391848545963 0.009512225365895377 0.009493823592075814 0.009476258608127322 0.00945959931723583 0.009443911481656027 0.00942925772761692 0.009415697521777081 0.009403287123754675 0.009392079519742292 0.009382124342641525 0.009373467784260039 0.009366152505023777
0.009687031402575552 0.009718171628651493 0.009742108694731036 0.009759914600681308 0.009772474377530323 0.009780519062792217 0.009784654943975858 0.00978538831452578 0.009783145874440239 0.009778291264989487 0.009771138317047064 0.009761961564771925 0.009751004508303029 0.009738486036775266 0.009724605359696995 0.009709545742910762 0.009693477302453795 0.009676559072099661 0.009658940525912678 0.009640762704224667 0.009622159060530922 0.009603256118475562 0.009584174003260759 0.009565026891302078 0.009545923405839518 0.00952696697417642 0.00950825615412931 0.009489884931884039 0.009471942990615576 0.009454515947945047 0.009437685560089077 0.009421529891174001 0.009406123447099096 0.009391537274383206 0.00937783902558121 0.009365092993867102 0.009353360120184845 0.009342697977132811 0.009333160734158214 0.009324799108972829 0.009317660310209919 0.009311787976264484
0.00946891445715578 0.009509750482075443 0.009542806055042858 0.009569155262576078 0.009589705630641335 0.009605222134208315 0.009616350384900616 0.009623637484823332 0.009627550022606761 0.009628489205448435 0.009626803359851228 0.009622798121079055 0.009616744643893754 0.009608886147570717 0.009599443077763982 0.009588617135788237 0.009576594395207473 0.00956354769641388 0.009549638481935333 0.009535018208069297 0.00951982944271111 0.009504206735404473 0.009488277324394442 0.009472161727492625 0.009455974248969271 0.009439823423365456 0.009423812409011589 0.009408039338280225 0.009392597628101233 0.009377576252231012 0.009363059975830883 0.009349129552814427 0.009335861886757897 0.009323330156718632 0.009311603910047116 0.009300749124979794 0.009290828246369207 0.009281900198503015 0.009274020379253612 0.009267240640076186 0.009261609256447749 0.009257170893257588
