examples_in_prep/grid_ascii.grd
DSAA
300 300
284213.5 284354.44
5036149 5036264.28
0.0019376371796251 0.10260214938211
[rows 57 to 75 of 300, columns 210 to 251 of 300]
0.03359630556332135 0.03349229896002595 0.03340026246354396 0.03332546997639413 0.03327817311643295 0.03326813211948622 0.03329090750418105 0.03333417310414159 0.03338967406481665 0.03345337842501352 0.03352330398496253 0.03359838007502173 0.03367796086340725 0.03376160778737868 0.03384898207122818 0.03393978626520602 0.03403373066013745 0.0341305144342573 0.03422981676226158 0.03433129511568876 0.03443458867780835 0.03453932505780086 0.03464512869008229 0.03475162957161013 0.0348584713260971 0.03496531794390799 0.03507185887718747 0.03517781243357207 0.03528292759516644 0.03538698449625988 0.03548979383655131 0.03559119550739879 0.0356910566814375 0.03578926957610479 0.03588574905853318 0.03598043021776549 0.03607326599435731 0.0361642249283539 0.03625328906284767 0.03634045202353427 0.03642571728164432 0.03650909659885851
0.03317337651620814 0.03307165085585343 0.03298318622848588 0.03291265395067584 0.03286642501937091 0.03284898217001359 0.03285829913914765 0.03288778678054033 0.03293133690993665 0.03298498970253272 0.03304643198380924 0.03311430926695495 0.03318778895772871 0.0332663164652156 0.03334947834479898 0.03343692270071601 0.03352831213072134 0.0336232971276682 0.03372150356095545 0.03382253022444501 0.03392595335406025 0.03403133544255821 0.03413823605141231 0.03424622278241683 0.03435488110758521 0.03446382229029004 0.03457268908997065 0.03468115928369901 0.03478894725378266 0.03489580399832407 0.03500151594771292 0.03510590294623617 0.03520881570597093 0.0353101329789712 0.03540975863419241 0.03550761877237832 0.03560365896861446 0.03569784169866463 0.03579014397911463 0.0358805552337553 0.03596907538567076 0.0360557131663417
0.03276271520564771 0.03266316941147483 0.03257722557392902 0.03250853369837327 0.03246108688044073 0.03243725499844801 0.03243598520564041 0.03245352601229273 0.03248567589638286 0.03252913075963169 0.03258165359194738 0.03264180484083022 0.03270865369800275 0.03278156822970349 0.03286007681373952 0.03294377896419498 0.03303228947115467 0.03312520606392014 0.03322209442664629 0.03332248599340162 0.03342588456351831 0.03353177814694611 0.03363965294329795 0.03374900705140794 0.03385936230330909 0.03397027337738268 0.03408133396131084 0.03419218015807241 0.03430249156574982 0.03441199055320614 0.03452044024522684 0.03462764166857019 0.03473343042411772 0.03483767316239416 0.03494026406119655 0.03504112143859588 0.03514018458393265 0.03523741085235129 0.03533277304114986 0.03542625704890513 0.03551785980637141 0.03560758746134222
0.03236276960971091 0.03226489782527435 0.03218033047325321 0.03211182500701236 0.03206200028345806 0.03203227678337219 0.03202208851147666 0.0320291967418178 0.03205077063312173 0.03208426860432914 0.03212776166391872 0.03217989923315539 0.03223975811859252 0.03230668975415015 0.0323801984859453 0.03245985338634559 0.03254522908632157 0.0326358707632321 0.03273127883681958 0.03283090889325201 0.03293418214831926 0.03304050183982987 0.03314927151919886 0.03325991220481674 0.03337187651050633 0.03348465891628242 0.03359780214639008 0.03371090011545563 0.03382359813639194 0.03393559112825239 0.03404662049342088 0.03415647021478378 0.03426496259217886 0.03437195391748946 0.03447733028874146 0.03458100368636463 0.03468290837853643 0.03478299768373406 0.03488124109185897 0.03497762172969878 0.03507213414666265 0.03516478239213853
0.03197234699692909 0.03187553720811026 0.03179137697273481 0.03172195819848789 0.03166909846890949 0.03163375687891755 0.03161565623164457 0.0316134375034579 0.03162521866783765 0.03164914410418698 0.03168368106403707 0.03172768228855113 0.03178032473080711 0.03184100831279955 0.03190925628301883 0.03198463344015254 0.03206668748704194 0.03215491418912761 0.0322487443444344 0.03234754846088304 0.03245065360422269 0.03255736650230352 0.03266699770834498 0.03277888307682236 0.03289240046480493 0.03300698100770959 0.03312211531463156 0.03323735546582321 0.03335231387270472 0.03346666001087412 0.03358011587185582 0.03369245078204147 0.03380347604981145 0.03391303974620103 0.03402102180539512 0.03412732954474244 0.03423189364499261 0.03433466459366601 0.03443560957050358 0.03453470974182754 0.03463195792427928 0.03472735657697064
0.03159058653333464 0.03149426113678974 0.03140975165687947 0.03133867806590931 0.03128237843800599 0.03124157724746971 0.03121619234256802 0.03120542049922376 0.03120804665636304 0.03122278612298115 0.0312485129725953 0.03128434574505622 0.03132963145680921 0.03138387845741504 0.03144667423707696 0.03151760971607261 0.03159622208008069 0.03168196190470293 0.0317741850860537 0.03187216561986619 0.0319751222767752 0.03208225133136789 0.03219275857972898 0.03230588611435296 0.03242093174764837 0.03253726090610762 0.03265431200215103 0.03277159679572232 0.03288869729439275 0.03300526052660437 0.0331209922170679 0.0332356500941279 0.03334903730681489 0.03346099623782662 0.03357140286323346 0.03368016171851095 0.03378720147331934 0.03389247108441202 0.03399593647773975 0.03409757770425172 0.03419738651241597 0.03429536428315583
0.0312168956810486 0.03112056413835747 0.03103513520600451 0.0309618974934462 0.03090189330271174 0.03085572570885271 0.03082345674407318 0.0308046611254466 0.03079860904083819 0.03080448333935942 0.03082154399693057 0.03084920518651385 0.03088703447226357 0.03093470130294061 0.03099190250710912 0.03105828759366749 0.03113340091110596 0.03121665113914941 0.03130731093262894 0.0314045421266185 0.0315074368976886 0.03161506395839544 0.03172651082483359 0.03184091681670444 0.03195749502815529 0.0320755440492634 0.0321944515161072 0.03231369189266237 0.03243282064615437 0.0325514665050391 0.03266932299157153 0.0327861400001867 0.03290171587430572 0.03301589021303684 0.03312853749585275 0.03323956152549381 0.03334889064036658 0.03345647362415828 0.03356227623102674 0.03366627824589487 0.0337684710042 0.03386885530307766
0.0308508883670763 0.03075415967282147 0.03066739133740639 0.03059163703380022 0.03052775036682257 0.03047627167087207 0.03043737535396715 0.03041090902672914 0.03039650987069609 0.03039374733434878 0.03040223875793126 0.03042170768448197 0.03045198087911858 0.03049293700771838 0.03054442789849321 0.0306061960828363 0.03067781097212624 0.03075863965849163 0.03084785744936378 0.03094449147367602 0.03104748282383355 0.03115575127202649 0.03126825052640171 0.0313840080537132 0.03150214878714066 0.03162190524201734 0.03174261775381058 0.03186372843018839 0.03198477168664738 0.03210536339008094 0.03222518989942871 0.03234399774330298 0.0324615843000804 0.03257778961074143 0.03269248931794876 0.03280558865176318 0.03291701734975523 0.0330267253906385 0.03313467942359978 0.03324085978650748 0.03334525801849676 0.03344787478567123
0.0304923359811995 0.03039491534739546 0.03030650800379659 0.0302279972708432 0.03016011111929354 0.03010335704866562 0.0300579985054333 0.03002408850593005 0.03000155128948 0.02999028192716372 0.02999022876792937 0.0300014330791727 0.03002401535825819 0.03005811223814956 0.03010378039034347 0.03016089381581992 0.03022906505148877 0.03030761467861591 0.03039559717346289 0.03049187187760973 0.0305951955406679 0.03070431221935688 0.03081802436587637 0.03093523922718269 0.03105499236263109 0.03117645377064022 0.03129892269835579 0.03142181619065709 0.03154465496139106 0.03166704883659895 0.03178868302388202 0.03190930580342447 0.03202871783631979 0.03214676306444367 0.0322633210670794 0.03237830069563009 0.03249163480065989 0.03260327587734516 0.0327131924740289 0.03282136623108941 0.03292778943795173 0.03303246301522869
0.03014113120537068 0.03004281183989947 0.02995256448003848 0.02987114471707449 0.02979919163403556 0.02973719321329456 0.02968548175855974 0.02964426744565056 0.02961370354433874 0.02959396360549972 0.02958530498567943 0.02958809517450034 0.02960278503122277 0.02962982495071519 0.02966953664757486 0.02972197252255497 0.0297868074738517 0.02986330253381161 0.0299503532487791 0.03004660243894317 0.03015057728584932 0.03026081306999121 0.03037594239343501 0.03049474613617549 0.03061617303079165 0.03073933811076091 0.03086350926468847 0.03098808854255938 0.03111259233024015 0.03123663261655049 0.03135990035538595 0.03148215121933914 0.03160319367218449 0.03172287912113935 0.03184109385532807 0.03195775247833332 0.03207279257024239 0.03218617035165133 0.03229785715852244 0.03240783657170021 0.03251610207399224 0.03262265513262137
0.02979726153836896 0.02969791587339099 0.02960571128299978 0.02952130329154747 0.02944526246210665 0.02937806014513857 0.02932007754344823 0.02927164270025373 0.02923309079844933 0.02920483373755657 0.02918741814969417 0.02918154772917309 0.02918804663785354 0.02920774911952734 0.0292413217329061 0.02928905852012514 0.02935071947686369 0.0294254805073749 0.02951201726990234 0.02960868422919795 0.02971371801769383 0.02982540570837716 0.02994219238144407 0.03006273123221272 0.03018589266697511 0.0303107497639695 0.03043655309137206 0.0305627028530772 0.03068872251520373 0.03081423567336228 0.03093894660638989 0.03106262432894312 0.03118508970115826 0.03130620509374885 0.03142586613596473 0.0315439951356138 0.03166053582951916 0.03177544918783664 0.03188871005059999 0.03200030442189158 0.03211022728398275 0.03221848082371973
0.02946078917095629 0.02936036102270834 0.02926615615750837 0.02917874756245085 0.0290986471764415 0.0290263056280687 0.02896213168379143 0.02890653480332387 0.0288599881234495 0.02882310189044714 0.02879668948159232 0.02878179959644407 0.02877968045078911 0.02879164248031733 0.02881881034211475 0.02886181275565352 0.02892052543093278 0.02899399327641575 0.0290805743936994 0.02917822891214086 0.02928482225177559 0.02939834937867615 0.02951705542711471 0.02963947356494941 0.02976441321120227 0.02989092552914354 0.03001826272553729 0.0301458394281144 0.03027319938395598 0.03039998813469941 0.03052593119144961 0.0306508168535511 0.03077448278018539 0.03089680552412737 0.03101769237440296 0.03113707498655708 0.03125490439276878 0.031371147076726 0.03148578187014911 0.03159879748532181 0.03171019054124126 0.03181996397467936
0.02913183454511534 0.02903033248746167 0.02893415242900603 0.02884379563451297 0.02875971869194981 0.02868234280034892 0.02861208102085686 0.02854938711304243 0.02849482583948599 0.02844915911584807 0.02841343391563423 0.02838904393520251 0.02837771680680068 0.02838136164111174 0.02840172920066968 0.02843992991228703 0.02849600198770615 0.02856877838927951 0.0286561408144668 0.02875549867366644 0.02886424344018596 0.02898003583472256 0.02910092182033668 0.02922533715622537 0.02935205977451292 0.02948014728997134 0.02960887754197784 0.02973769853849959 0.02986618869027494 0.02999402611763824 0.03012096528090865 0.0302468192812017 0.03037144646362884 0.03049474025560795 0.03061662143066446 0.03073703219047211 0.03085593161202604 0.0309732921227008 0.03108909675102598 0.03120333696577201 0.03131601096312549 0.03142712229737777
0.02881056175121892 0.02870805349892562 0.02860998763386479 0.02851680037144685 0.02842889246100636 0.02834664445053369 0.02827044903380684 0.02820076517397251 0.02813819722600347 0.02808359927397913 0.02803819774475435 0.02800370799294224 0.02798238454766252 0.02797689207760568 0.0279898631995352 0.02802313707691043 0.02807699416641737 0.02814990910747378 0.02823902213002322 0.02834096258393523 0.0284525271394572 0.02857101668533385 0.02869430507035076 0.02882077575918552 0.02894921978939179 0.02907873821730662 0.02920866270331801 0.02933849513237537 0.02946786306490185 0.02959648723990344 0.02972415791250469 0.02985071757245354 0.02997604825539189 0.03010006216690082 0.03022269470721907 0.03034389924427141 0.0304636431660378 0.03058190487370038 0.03069867146895993 0.03081393695665663 0.03092770083194437 0.03103996695681152
0.02849716460516707 0.02839377200187893 0.02829397124012629 0.0281981380963546 0.02810661566180962 0.02801973238683143 0.02793783633458748 0.02786135165516289 0.02779086423745849 0.02772724425362766 0.027671811099561 0.02762653193065979 0.02759419726453475 0.02757840788258779 0.02758307034105281 0.02761119246847417 0.02766344690591331 0.02773767100838982 0.02782980659365744 0.02793537523679467 0.02805046216677716 0.02817202924247602 0.02829785015666847 0.02842633092307481 0.02855633614299408 0.02868705414492766 0.02881790047998725 0.02894845089993802 0.02907839512358097 0.0292075048120998 0.02933561118927219 0.02946258923961593 0.02958834643615283 0.02971281462196817 0.02983594411073675 0.02995769936150122 0.03007805577739706 0.03019699731103713 0.03031451465047562 0.03043060382547573 0.03054526511969181 0.03065850220773481
0.02819185283394624 0.02808774695686025 0.02798642091356147 0.02788819433706508 0.02779335171973661 0.02770216033690002 0.02761490283087397 0.02753193134433979 0.02745375329546346 0.02738116429331932 0.02731545069335439 0.02725868544026566 0.02721410486679757 0.02718639370650811 0.02718131771650673 0.02720388498694983 0.02725547256923251 0.02733270616957438 0.02742951497124132 0.02753988125606369 0.02765913352726804 0.02778401283997534 0.02791232967412961 0.02804261931388224 0.02817389202544853 0.02830546899345431 0.02843687745882664 0.0285677835626435 0.02869794872841316 0.02882720081448253 0.02895541468579048 0.02908249891707687 0.0292083865696294 0.02933302872338393 0.02945638989926957 0.02957844479022868 0.02969917590277713 0.02981857183366165 0.02993662598897438 0.03005333561239871 0.03016870103014151 0.03028272504951692
0.02789483828792391 0.02779023416909323 0.02768764734198333 0.02758734669956749 0.02748956001967156 0.02739448939521084 0.02730233874590408 0.02721336012474102 0.02712793009964304 0.02704667675780681 0.02697069566027129 0.02690192244967777 0.02684375426944727 0.02680190452564839 0.02678477317590318 0.02680103644203703 0.02685350990204197 0.02693629628522764 0.0270398345028843 0.02715613753502887 0.02727995937889691 0.02740810127825138 0.02753861920806972 0.02767030489089124 0.02780238560491929 0.02793435364756015 0.02806586764146503 0.02819669362481688 0.02832666870674954 0.0284556779550744 0.02858363932510142 0.02871049364457415 0.02883619787186348 0.02896072052077472 0.02908403853989094 0.02920613517344841 0.02932699848292878 0.02944662031005346 0.02956499553046361 0.02968212149700738 0.02979799760563252 0.02991262494124779
0.02760632140296558 0.02750147192760716 0.02739793807162475 0.02729594549650217 0.02719567142428666 0.02709725612787471 0.02700082304536066 0.02690651277576675 0.02681454056667546 0.02672529692407039 0.02663953437654472 0.02655873865829558 0.02648590666390398 0.02642714483512523 0.02639406960602878 0.02640251280586301 0.02645874603446762 0.0265509285418532 0.02666344588005032 0.02678641046385431 0.02691467489842477 0.02704557051886988 0.02717764257262275 0.02731005259700442 0.02744229386504881 0.02757404863825283 0.02770511206804888 0.02783534921890456 0.02796466956092462 0.02809301122924733 0.02822033104564282 0.0283465981012051 0.02847178961809065 0.02859588830081466 0.02871888066690569 0.02884075601463295 0.02896150579417912 0.02908112322353201 0.02919960304250075 0.02931694133734763 0.02943313539543362 0.02954818356838589
0.02732647840752511 0.0272216670932091 0.02711754127631838 0.02701429343299351 0.02691206129872881 0.02681093525907736 0.02671097072781038 0.0266122084725946 0.0265147084890616 0.02641860979191017 0.02632424656707254 0.02623240345839526 0.02614496077000682 0.02606676503627223 0.02601123525199489 0.02600827663059768 0.02607441198284075 0.02618135649038284 0.02630433484019611 0.02643353403397018 0.02656520536534143 0.02669772025951814 0.0268302815122134 0.02696246384957479 0.0270940274132552 0.02722483251010321 0.02735479651522766 0.02748387022095579 0.02761202403487635 0.02773923961253197 0.02786550472041941 0.02799081013173421 0.02811514784315313 0.02823851015370563 0.02836088929165293 0.02848227736745885 0.02860266649687 0.02872204898881136 0.02884041753089133 0.02895776533574848 0.02907408623246602 0.02918937470187304
