examples_in_prep/grid_ascii.grd
DSAA
300 300
284213.5 284354.44
5036149 5036264.28
0.0019376371796251 0.10260214938211
[rows 190 to 208 of 300, columns 0 to 41 of 300]
0.01339818382116719 0.01343483089172804 0.013472366478872 0.01351073903886488 0.0135498905658618 0.01358975637926656 0.013630264967375 0.0136713378969054 0.01371288979603359 0.01375482841422733 0.01379705475584029 0.01383946327414954 0.01388194209780353 0.01392437324088738 0.01396663271843016 0.01400859044843007 0.01405010976449899 0.01409104628164091 0.01413124574006271 0.01417054027746296 0.01420874231910616 0.01424563488349276 0.01428095652694624 0.01431437836517277 0.01434546973079328 0.01437364868917066 0.01439811597944892 0.01441778160400798 0.01443122290595695 0.01443676753550136 0.01443282951178011 0.01441849723085074 0.01439403143577376 0.01436082073005748 0.01432082943491978 0.01427600699894697 0.01422795955514999 0.01417785629163205 0.0141264422458657 0.01407407346013436 0.01402074453528221 0.01396610674085636
0.01338224952658375 0.01341752580552966 0.01345357728304854 0.01349034695688299 0.01352777120039972 0.01356577952453388 0.01360429438194719 0.01364323101859459 0.0136824973751005 0.01372199403525747 0.01376161421186983 0.01380124374931948 0.01384076110713766 0.01388003726810416 0.01391893548558322 0.01395731074558822 0.01399500876544184 0.01403186427631312 0.01406769823388316 0.01410231345748026 0.01413548800073491 0.01416696529737369 0.01419643981979767 0.01422353673126568 0.01424778411365766 0.01426857762164291 0.01428514164232094 0.01429650129303164 0.01430149833547551 0.0142989043639628 0.01428767399215267 0.01426729151507537 0.01423802798506005 0.01420091739874357 0.0141574646965625 0.01410928495804797 0.01405784135435561 0.01400431241860975 0.01394954168577016 0.01389402048005736 0.01383787823524213 0.01378087448164389
0.01336597267948756 0.01339989323655431 0.01343447888240928 0.01346966730433313 0.01350538937369921 0.01354156887480852 0.01357812226177386 0.01361495844481355 0.01365197860399425 0.01368907602292834 0.01372613592755876 0.01376303530432741 0.0137996426574024 0.01383581764504516 0.01387141050874744 0.01390626117383042 0.01394019785418454 0.01397303493289679 0.01400456981199799 0.01403457832525084 0.0140628081914895 0.01408896987167955 0.01411272413964844 0.01413366583436722 0.0141513039627907 0.01416504021216758 0.01417415202796704 0.01417779364606636 0.01417503764971568 0.01416498313153565 0.01414693801601821 0.014120631721446 0.01408635957159719 0.0140449707371063 0.0139977038735758 0.01394596071856535 0.01389110840653387 0.01383434464165412 0.01377661373821714 0.01371854945785498 0.01366042909842156 0.01360213564485513
0.01334944518955529 0.01338203138592072 0.01341517616682892 0.01344881210034668 0.01348286472875775 0.01351725225961985 0.01355188527126267 0.01358666643092501 0.01362149022012272 0.01365624265621598 0.01369080099190643 0.01372503336416337 0.01375879835068494 0.01379194437468144 0.01382430887619121 0.01385571713967848 0.01388598063232191 0.0139148946642176 0.01394223513259932 0.01396775406157173 0.01399117361203051 0.01401217824823317 0.01403040488238102 0.01404543122335008 0.01405676348792915 0.01406382647195355 0.01406596208869804 0.01406244666510537 0.01405254056288747 0.01403558096412607 0.01401111323989774 0.01397902851513474 0.01393965288407934 0.0138937441583802 0.01384239651174034 0.01378689528719107 0.01372857016570914 0.01366867137628338 0.01360826878467843 0.01354816393407596 0.01348880900826722 0.01343023575856267
0.01333275660375398 0.01336403589401049 0.01339577126905162 0.01342789041523598 0.01346031377597444 0.01349295420310735 0.01352571661019483 0.01355849762345445 0.01359118522243759 0.01362365835711296 0.01365578652133015 0.0136874292534705 0.01371843552359521 0.0137486429521461 0.01377787678763714 0.01380594855007514 0.01383265422367811 0.01385777185823097 0.0138810584185951 0.01390224571583583 0.0139210352822066 0.01393709215460573 0.01395003777613176 0.01395944272542451 0.01396482089469575 0.01396562821253821 0.01396127102771505 0.01395113126545191 0.01393461579647671 0.01391123335067948 0.01388069160639809 0.01384299232786352 0.0137984933732068 0.0137479137611118 0.01369228025660002 0.01363283484701661 0.01357092716347181 0.01350790555130573 0.01344500764888707 0.01338324638653301 0.0133232923352882 0.01326536368405425
0.01331599375487282 0.01334599945516899 0.01337636313874983 0.01340700789531117 0.01343784935792316 0.0134687953152702 0.01349974531473908 0.01353059025031918 0.01356121192580343 0.01359148257882137 0.01362126434536583 0.01365040863675742 0.01367875539179438 0.01370613215613908 0.01373235292880235 0.01375721670302175 0.01378050561771253 0.0138019826291813 0.01382138861835363 0.01383843887800129 0.01385281899901759 0.01386418032944027 0.01387213546741252 0.01387625474008341 0.01387606538419288 0.01387105619107589 0.01386069153174193 0.01384443937429222 0.01382181706623785 0.01379245497816309 0.01375617123494693 0.0137130429557749 0.01366345570860524 0.01360811749163336 0.01354803478944697 0.01348445833888669 0.01341880817042893 0.0133525814687075 0.01328723949258381 0.01322406884335156 0.01316402157568675 0.01310755519527478
0.01329924041798069 0.01332801143944788 0.01335704712269379 0.01338626629295632 0.01341558011881206 0.01344489168790685 0.0134740955641789 0.01350307731942084 0.01353171302888383 0.0135598687163153 0.0135873997289884 0.01361415001721842 0.01363995128615984 0.01366462198065509 0.01368796605707185 0.01370977149114314 0.01372980847044232 0.01374782722836061 0.01376355550143773 0.01377669564507074 0.01378692154307474 0.0137938756209617 0.01379716655536865 0.01379636869750486 0.01379102480907907 0.01378065438761528 0.01376477043127315 0.01374290753674613 0.01371466311941108 0.01367975077749403 0.0136380606164776 0.01358971726032799 0.01353512480451769 0.01347499068088174 0.01341032586706676 0.01334242291724168 0.01327281219361222 0.01320319047954637 0.01313530949518722 0.01307081236501503 0.01301102088402158 0.01295670535577835
0.01328257697963903 0.01331015752730825 0.01333791455828494 0.01336576301083826 0.01339360998945907 0.01342135430841064 0.01344888600926178 0.01347608584470645 0.01350282471828694 0.0135289630660793 0.01355435016271123 0.013578823329726 0.01360220702007978 0.01362431174900634 0.01364493283947707 0.01366384895211366 0.0136808203776006 0.01369558708879975 0.01370786658747067 0.01371735164677242 0.01372370816030879 0.01372657347936059 0.01372555587041368 0.0137202360651333 0.01371017228676091 0.01369491054466085 0.01367400222257999 0.01364703077019838 0.01361364833016211 0.01357362125468656 0.01352688102853908 0.01347357509008896 0.01341411163691346 0.01334919415995143 0.01327984392973618 0.0132074092321722 0.01313355613760681 0.01306022641459527 0.01298953742763223 0.01292359595339851 0.01286421710378883 0.01281258909971072
0.01326608012357766 0.01329251936192565 0.01331905238622242 0.01334559066737556 0.01337203769651415 0.01339828850202393 0.01342422913492582 0.01344973611485654 0.01347467582674111 0.01349890385548767 0.01352226424349302 0.0135445886530425 0.01356569541371072 0.01358538843435379 0.01360345596128718 0.01361966917092997 0.01363378059953519 0.01364552243865508 0.01365460476926613 0.01366071387774211 0.01366351090343644 0.0136626312208389 0.01365768516602856 0.01364826097329462 0.01363393106470325 0.01361426306412607 0.01358883696737854 0.01355726963372601 0.01351924704216524 0.01347456360427494 0.0134231665588506 0.01336520268835162 0.01330106487122471 0.01323143731023711 0.01315733955013435 0.01308016835662763 0.01300173027550664 0.01292424389205265 0.01285027060542012 0.01278251700888389 0.01272346788594081 0.01267488810248393
0.01324982253634198 0.01327517422343746 0.01330054278764227 0.01332583668997385 0.01335095630378825 0.01337579341193983 0.01340023066847265 0.01342414101746053 0.01344738705996401 0.01346982035812747 0.01349128066394841 0.01351159505904176 0.01353057699165147 0.01354802519911698 0.01356372250899825 0.01357743452227189 0.01358890820003849 0.01359787040448388 0.01360402649057307 0.01360705911254549 0.01360662750507694 0.01360236762763611 0.01359389372193772 0.01358080201608114 0.01356267748649074 0.01353910470773147 0.01350968380576505 0.01347405230579604 0.01343191320426492 0.01338306898821596 0.01332746084044481 0.01326521229950269 0.01319667750852866 0.0131224957866662 0.01304365569267629 0.01296157096275387 0.01287816404407917 0.01279593492329146 0.01271795844991365 0.01264770873575298 0.01258859730319637 0.01254322069424094
0.01323387263754493 0.0132581947305891 0.01328246285212932 0.01330658294350623 0.01333045279436549 0.01335396152723304 0.01337698904454683 0.0133994054314056 0.01342107030618595 0.01344183210995221 0.01346152732506567 0.01347997961339714 0.01349699886603772 0.01351238016012793 0.01352590262547833 0.01353732823584312 0.01354640055932296 0.01355284353198617 0.01355636036225982 0.01355663273417629 0.01355332055856012 0.013546062623433 0.01353447861459318 0.01351817310259687 0.01349674219985639 0.01346978364612056 0.01343691104201673 0.01339777279324835 0.01335207607794585 0.01329961592237999 0.01324030949592843 0.01317423632231605 0.01310168652103043 0.01302322148037505 0.01293975404362227 0.01285265681514442 0.01276390362852333 0.01267623153030717 0.01259326212964402 0.01251942693303676 0.01245944227872889 0.0124171706962518
0.01321829433679631 0.01324164857239976 0.01326488427984905 0.0132879053979843 0.01331060769819984 0.0133328782641057 0.01335459493315581 0.0133756256943676 0.01339582803563772 0.01341504823357462 0.01343312057904442 0.01344986653259783 0.0134650938065453 0.01347859537536331 0.01349014842426805 0.01349951325873515 0.01350643221719943 0.01351062865700109 0.01351180612233399 0.01350964785414082 0.01350381686669625 0.01349395689254314 0.01347969458129 0.0134606434177186 0.01343640988338939 0.01340660240241774 0.01337084356918965 0.01332878605674784 0.01328013249825939 0.01322465963876792 0.0131622473757383 0.01309291422545967 0.01301686259110309 0.01293454028051184 0.0128467292244167 0.01275467795284685 0.01266029865677683 0.01256644290132079 0.01247722284265769 0.01239819400912877 0.0123359213012018 0.01229631113096566
0.01320314682113393 0.01322559827423851 0.01324787312282156 0.01326987384111302 0.01329149477159073 0.01331262160752732 0.0133331308384398 0.01335288915357749 0.01337175279838865 0.01338956687886474 0.01340616460956079 0.013421366502773 0.01343497949967578 0.01344679604977773 0.0134565931535558 0.01346413139583695 0.01346915401559155 0.01347138608246847 0.01347053388305992 0.01346628466091573 0.01345830690340238 0.01344625142298345 0.01342975353493147 0.01340843667894758 0.01338191785665898 0.0133498152491317 0.01331175833448275 0.01326740076149938 0.01321643620469142 0.0131586175369542 0.01309378008780049 0.01302187077244943 0.01294298686225043 0.01285743170464849 0.01276580074599182 0.01266912126386674 0.01256908482860284 0.01246842992461489 0.01237152608747789 0.01228506261407034 0.01221815985658413 0.01218022008654568
0.01318848437488016 0.0132101010005943 0.01323148956799257 0.01325255163876738 0.01327318073193212 0.01329326181696865 0.0133126707720792 0.01333127380377033 0.01334892682415841 0.01336547478278953 0.0133807509511205 0.01339457615996935 0.01340675799395814 0.01341708995271529 0.0134253505969075 0.01343130270894646 0.01343469251422971 0.01343524902959731 0.01343268363193654 0.01342668997108723 0.01341694438618798 0.013403107020249 0.01338482385900123 0.01336172993985545 0.01333345397700926 0.01329962462368585 0.01325987854427295 0.01321387041625378 0.0131612849714871 0.01310185130478492 0.01303536006838442 0.01296168505880625 0.01288081246242889 0.01279288435446386 0.01269826937076363 0.0125976858712229 0.01249242793043109 0.01238479432601401 0.01227890578923269 0.01218213795492242 0.01210677847855341 0.01206848833645092
0.01317435623344648 0.01319520839630303 0.01321578776410913 0.01323599554562893 0.0132557250501611 0.01327486119875852 0.01329328000384802 0.0133108480146087 0.01332742172592646 0.01334284694948152 0.01335695814719573 0.01336957772970942 0.01338051532641128 0.013389567039152 0.01339651469950372 0.01340112515988681 0.01340314966248977 0.01340232334676712 0.0133983649764697 0.01339097698965813 0.01337984599835463 0.01336464388523472 0.01334502965865363 0.01332065222880273 0.01329115425128337 0.01325617714706842 0.01321536735310462 0.01316838380083554 0.01311490659516089 0.01305464693242002 0.01298735854948867 0.0129128515912017 0.01283101099522711 0.01274182388660937 0.01264542534741255 0.0125421825289473 0.01243286204547714 0.01231898908626815 0.01220367707319803 0.01209364445989327 0.0120037111788335 0.01196072160622865
0.01316080647304028 0.01318096646837859 0.01320081569472886 0.01322025556844464 0.0132391798034493 0.01325747394760575 0.013275014891719 0.0132916703496694 0.01330729830886921 0.01332174645122289 0.01333485154665029 0.01334643882379877 0.01335632132637947 0.01336429926884873 0.01337015941209779 0.01337367448883809 0.0133746027195526 0.01337268747309074 0.01336765714084725 0.01335922530880855 0.01334709132577571 0.01333094137591372 0.01331045016568598 0.01328528332501156 0.01325510059606048 0.0132195598389945 0.01317832182476456 0.01313105572082203 0.01307744512718302 0.01301719451986847 0.01295003605586405 0.01287573696125057 0.01279410828869357 0.01270501695998147 0.01260840536261149 0.01250432815490129 0.01239302981150104 0.01227512728396184 0.01215210231472346 0.01202788373855052 0.01191505247172668 0.01185654999961713
0.01314787393667824 0.01316741550887799 0.01318661509777881 0.01320537488227424 0.01322358958836991 0.01324114605727152 0.01325792279113042 0.01327378947606149 0.01328860648294515 0.01330222434768085 0.01331448323456659 0.01332521238906689 0.01333422958989189 0.01334134061517079 0.0133463387436186 0.0133490043192214 0.0133491044169973 0.01334639265748971 0.01334060922829265 0.01333148118085092 0.0133187230783494 0.01330203807322968 0.01328111948782356 0.01325565295565475 0.01322531915136437 0.0131897970932188 0.01314876794564771 0.01310191918627795 0.01304894894409189 0.01298957027702829 0.01292351515686607 0.012850537983531 0.01277041857712741 0.01268296482084869 0.01258801551912534 0.01248544481044696 0.01237517137590737 0.01225718151271615 0.01213159767171017 0.01199894193367491 0.01186177433327811 0.01175581788562262
0.01313559219647917 0.01315459005872751 0.01317322143149312 0.01319138979938548 0.01320899149395327 0.01322591529946338 0.01324204204200447 0.01325724416262645 0.01327138527627379 0.01328431971956122 0.01329589209249928 0.01330593680183921 0.01331427761717328 0.01332072725533952 0.01332508701404202 0.01332714648200992 0.01332668336029487 0.01332346343701965 0.01331724076549603 0.01330775810195436 0.01329474766283777 0.01327793226070844 0.01325702687029021 0.01323174066001612 0.01320177949821268 0.0131668489070949 0.01312665739441665 0.01308092004721381 0.01302936223384106 0.01297172323997416 0.01290775967524102 0.01283724854316994 0.01275998998537125 0.01267580992448554 0.01258456322471289 0.01248613882289526 0.01238047041418147 0.01226756289653916 0.0121475703760331 0.01202109482979426 0.0118910248459799 0.01179467125716732
0.0131239895525767 0.0131425189127394 0.01316066388681444 0.01317832979067047 0.01319541513420503 0.01321181127011414 0.01322740203215632 0.01324206336469611 0.01325566294646674 0.01326805981288025 0.01327910398330018 0.01328863610220183 0.01329648710640557 0.01330247793461055 0.01330641930016921 0.01330811155352362 0.01330734466670558 0.01330389837839873 0.0132975425437584 0.01328803773758818 0.01327513616157059 0.0132585829047318 0.01323811760010747 0.01321347650886633 0.01318439504603693 0.01315061074156753 0.01311186661110986 0.01306791490065803 0.01301852118183693 0.01296346883025568 0.01290256405286863 0.01283564190261934 0.01276257425434573 0.01268328179816057 0.01259775443598214 0.01250608993987446 0.0124085750030097 0.01230587486567215 0.0121995412404036 0.01209363098595529 0.01200093915192166 0.01196389608463538
