examples_in_prep/malm_models/grd6.grd
DSAA
100 85
284213.5 284354.44
5036144.01 5036264.28
-0.97460792468097 0.016504785554465
[rows 54 to 71 of 85, columns 0 to 39 of 100]
0.0001144797144741611 0.0002943343807690069 0.0004297721093898949 0.0005221874418611522 0.0005731908948486547 0.000584651844609943 0.0005588271107922344 0.0004985098614954386 0.000406852501299515 0.0002851263065683507 0.0001192258565632792 -0.000119709878243307 -0.0003922428045141368 -0.0006681160300825023 -0.0009495403961050364 -0.001258306522112548 -0.001624094706127191 -0.002054940183239651 -0.002482701523204775 -0.002667550706042028 -0.002140043115056972 -0.0007513684770005663 0.001081674849697005 0.002589690074939532 0.003017615229554425 0.003413516021031314 0.003733237034928061 0.003962696301281279 0.004132152924405275 0.004272431100325533 0.0044027493975849 0.004542296748625475 0.004718062419135853 0.004953592972053937 0.005242349614340183 0.005543906234168762 0.00577390163920808 0.005933024655490247 0.006043660208103638 0.006075882533014707
0.0003866609147098188 0.000534321787542355 0.0006355519503232349 0.0006908412893848748 0.0007007506717771478 0.0006658949222730914 0.0005869325855994978 0.0004644591037752111 0.0002984819494214475 8.681465216128781e-005 -0.0001763989586910514 -0.0004905216137371243 -0.0008326893216632769 -0.001174851190467882 -0.001507101377763914 -0.001849610887849199 -0.002253011675554834 -0.002777466599995358 -0.003437040299479291 -0.004103820327436315 -0.003761785689253255 -0.001822366639628002 0.0002069389307437913 0.001748691455945944 0.002608591173200586 0.003174602615217743 0.003597669818078582 0.003917397721128375 0.004159171934711936 0.004341562234493057 0.004478768853686324 0.004594196342718862 0.004739298240265109 0.004984624994515068 0.005320022909817708 0.005673618027714933 0.005922873314223483 0.0060830769172295 0.006191071738842327 0.00623561554583045
0.0006700327317716165 0.0007872689077409872 0.0008562618931898108 0.0008766766048261543 0.0008480759431629542 0.0007698395349116094 0.0006410623097062584 0.000460401735667762 0.0002258890106505984 -6.486575670190675e-005 -0.0004121983820218889 -0.0008069940353225835 -0.001222598570579866 -0.001617627635970176 -0.00195833613963603 -0.002255029178154219 -0.002576645807042456 -0.003047427387442396 -0.003733741650297738 -0.004516946111549715 -0.00429263492790348 -0.002283166245952033 -0.000367809542385647 0.001147944243392429 0.002208446438929868 0.00294199480663751 0.003477217885757472 0.003885222975312269 0.00420001746543943 0.004431060080006266 0.004578147756454161 0.004656118518242179 0.004717025256787716 0.004975073839381859 0.005374692647346101 0.00573792565420591 0.006014894242024983 0.006204282631015037 0.006324256370123405 0.006379893776168967
0.0009692768162518767 0.001058871771747169 0.001098868059948466 0.001088270331030969 0.001025842048112596 0.0009099872641945006 0.0007386189074216759 0.00050904942369219 0.0002180715456690657 -0.0001372356003054576 -0.0005567983805178228 -0.001031316450000583 -0.001530651502671052 -0.001986889843581002 -0.002308106034184396 -0.002482815594393228 -0.002595971334005055 -0.00281832742487094 -0.00330645038457128 -0.003577049650328838 -0.003128729787230743 -0.001846231811255657 -0.0003356133323983504 0.001005620860745363 0.002054906297191239 0.002837408110529974 0.003430510815212562 0.003902448555374902 0.004288080265930118 0.004583123419556558 0.004754199413965314 0.004822445964192013 0.004845474660323187 0.00510270622806918 0.005507618926944125 0.005858656290838912 0.006134871587149218 0.006333725856529221 0.006461698363873059 0.006524514624142795
0.001288464177695459 0.001354037282418813 0.001369327338076265 0.001332914845128708 0.001243073833019123 0.001097650800978553 0.0008939406841410452 0.0006286056168868792 0.0002977656291806435 -0.0001024553870911105 -0.0005744265290776596 -0.001115497458409206 -0.001707835190375234 -0.002274872542755324 -0.002574928253005718 -0.002557133190756303 -0.002475202748764477 -0.002485352871394606 -0.00259556456148391 -0.002509127075349844 -0.001991714461193853 -0.00102942609796166 0.0001375714831999483 0.001253998163984672 0.002184580100598195 0.002910563109018133 0.003486371829625724 0.00398242507472181 0.004427368410035305 0.004815058771952201 0.005012297734944569 0.005111780975944481 0.005227880423045589 0.005448587767302525 0.005753958712548177 0.006053268786758284 0.006303948118167507 0.006492703954641722 0.006617750937946067 0.006681015828814474
0.001630844079340957 0.001676608492711174 0.001672213532940753 0.001616088974644769 0.001506383563103481 0.001340876373796526 0.001116899367904725 0.0008313058946384372 0.0004805489313306072 6.09520138609293e-005 -0.0004307823371050845 -0.0009969003960092204 -0.001637891907542863 -0.002350924107921176 -0.002666503891895183 -0.002373427649391746 -0.002140651179088335 -0.001968722134926521 -0.00179858189027636 -0.001489034162980657 -0.0009228992650831894 -9.879010582690417e-005 0.000861164542577994 0.001789783319143055 0.002565505241811081 0.003161514062716801 0.00363975365356025 0.004121719076566596 0.004598429147155775 0.005000573840406732 0.005260687843013645 0.005431344751751388 0.005600503736982863 0.00581016377068392 0.006056358239940246 0.006302733886173646 0.006518008168572481 0.006685605756545567 0.006798872564178986 0.006856187636123785
0.001998702304540106 0.002029184534903736 0.002010480304844853 0.00194113747957024 0.001819534117003627 0.001643854549266605 0.001412104792137242 0.001122208409775408 0.0007722520137435351 0.0003609976563768991 -0.0001110838227789818 -0.0006393863764603963 -0.001206983909293691 -0.001741580043969626 -0.001956455676522403 -0.001783493264960148 -0.001524372277077982 -0.001250972128796338 -0.0009332794724742355 -0.0005025182469080014 9.729595012092362e-005 0.0008643409445870873 0.001723971024529827 0.00253606079518412 0.003159948068139337 0.00359194444737191 0.003890711595577974 0.004357889749942993 0.004842858333425341 0.005234696370447871 0.005529748030682798 0.005755614472832724 0.005957369352300429 0.006163442374100055 0.006377207183387822 0.006584053766681426 0.006765751308791396 0.006908825111508296 0.007005600990137695 0.007052589110626929
0.002393303078321238 0.002413058004224949 0.002385394597682639 0.002309203751380426 0.002183379020191709 0.0020068762623527 0.001778850545114535 0.001498932990785865 0.00116776393057573 0.0007880221656439701 0.0003665235906290532 -8.1063122918279e-005 -0.0005188058393782863 -0.0008677085188011496 -0.001011521450773059 -0.000926104601307251 -0.0007018905039228446 -0.0003994555232537805 -2.097845544928034e-005 0.000460543646604708 0.001070091727484297 0.001807281046740862 0.002635835794756437 0.003440279316144192 0.003905584402592185 0.004187082069011562 0.004450803503690454 0.004806704584189359 0.005205778183328146 0.00556093498450129 0.005855193590483664 0.006098957872258948 0.006313198169937966 0.006514214100730609 0.00670647433439292 0.006884240631005782 0.007037479942446689 0.007156828857139162 0.007235635301006543 0.007270012846371798
0.002814915641964053 0.002828270444830736 0.002796638727488338 0.00271940784231299 0.002596164524221414 0.002426834879480658 0.002211931994277439 0.001952985897567539 0.00165328810308496 0.00131919415784941 0.0009624323057517009 0.000604111069382976 0.0002805626830376246 4.602386158823746e-005 -4.496937646981947e-005 2.299516325023066e-005 0.0002218801513074603 0.0005207221513639643 0.0009093722784812852 0.001393957670483906 0.001982198073959343 0.002670833056538147 0.003439789611928826 0.004219182551892874 0.00457847387119191 0.004799474561530737 0.005041975324559425 0.005331437702900656 0.005649221078426206 0.005955225390906996 0.006228414032015517 0.006466903966705892 0.006677979647138045 0.006869195560711305 0.007043336455998174 0.00719786086816554 0.00732709714263171 0.007424830510079743 0.007485923331408483 0.007506873194684328
0.003262913726681416 0.003273766518969282 0.003242548238191784 0.003169214269965526 0.003054102662344183 0.002898131106767551 0.002703110404032941 0.002472239073393709 0.002210876594249747 0.001927729798113967 0.001636580418579919 0.001358434088498881 0.001122946527626664 0.0009657272137003625 0.0009175550883872563 0.000990522067608024 0.001176627558728147 0.001460748065236592 0.00183277961252859 0.002289837814416169 0.002828856003384596 0.003436649926709563 0.004076797780091894 0.00465800968264718 0.005061172175700401 0.005338075729273868 0.005588463844093984 0.005849544248326462 0.006121051743773642 0.006387016796781594 0.006633841689264612 0.006856251749111517 0.007054909645648776 0.007232106138716755 0.007388644276410103 0.007522836752289354 0.007631130079641037 0.007709326536424109 0.007753612077304968 0.007761115227859751
0.003735927009248033 0.003747613841801972 0.003720432353421233 0.003654902458944759 0.003552068979629425 0.003413722885155013 0.003242725634071964 0.003043476439152787 0.002822565189341431 0.002589630966035816 0.002358345176843565 0.002147155601442935 0.00197888155026632 0.001877794793580967 0.001863828566705583 0.001946886001589779 0.002125870167069749 0.002391978292115737 0.002734108947419628 0.003147243945124507 0.003623241944378755 0.004142768526830404 0.004669481456415568 0.005148270812157012 0.00553449746166463 0.005838563624763836 0.006101707351894983 0.006352244096901244 0.006598233542621651 0.006835778833480709 0.007058265952813635 0.007261308822099966 0.007443313993131799 0.007603997887881152 0.007742810895483746 0.007858163767267293 0.007947499300625743 0.008007826085502226 0.008036307320447474 0.008030681077057865
0.004232019752012137 0.004247250850617251 0.00422691893499294 0.004172048387911923 0.004084277072794587 0.003966071526229895 0.003821018547239027 0.003654207153989453 0.003472699627216122 0.003286046930496195 0.003106707125209871 0.002950058365425418 0.002833522415133086 0.00277439252678359 0.002786675112807946 0.00287840245965279 0.003051065824376545 0.003300710779291227 0.003605579989358732 0.003970047586454924 0.004383204287307395 0.004825182176221722 0.005267808440114277 0.005678724740194117 0.006035420580072545 0.006338049876002345 0.006602846628501864 0.006845908408682516 0.007075299555376308 0.007291945610368375 0.007493468196395091 0.007677190916510854 0.007841263497528547 0.007984464218003563 0.008105590317055607 0.008203038433182375 0.008274757828613082 0.008318480885801075 0.008332049374300383 0.008313698869458042
0.004748873164058934 0.004769729017979021 0.004758275309456092 0.004715947061355155 0.004644828517162775 0.004547841375180564 0.004428979914496201 0.004293588562696002 0.004148657345918932 0.004003072078278144 0.003867694839562216 0.003755080488681367 0.003678616580915492 0.003651018000890169 0.003682471484539304 0.003779088452376372 0.003942123463150468 0.004166723582179135 0.004441950185405386 0.004763093418907224 0.005120985863501432 0.005499446189169581 0.005878182526399295 0.006236814236098759 0.006561382885909295 0.006848890097249691 0.007105071518137981 0.007337938372611395 0.007553021963945632 0.007752301077559164 0.007935328492732229 0.008100696367851407 0.008246907309377771 0.008372585451509366 0.008476346427261902 0.008556642256106924 0.008611738045464445 0.00863982771500426 0.008639221558402327 0.008608533737316911
0.005283953188644164 0.005311925317487531 0.005310674065094473 0.005281938343706841 0.00522809854435792 0.005152327619573835 0.005058763776106728 0.004952690855388006 0.004840695193030806 0.004730741912489039 0.004632083241274981 0.004554892805144331 0.004509545727317363 0.004505568369169946 0.004550446104937336 0.004648579324213212 0.00480055321478523 0.00500279476310482 0.005248906630459793 0.005532047296958366 0.005843245688981084 0.006170071075381006 0.006498036406601536 0.006813355733820532 0.00710619634954434 0.007372616005026658 0.007613728646680605 0.007832918145101016 0.008033243848719104 0.008216265964159447 0.008382108087509985 0.008530019367858334 0.008658874112096177 0.008767417485747671 0.00885431659453409 0.008918148701681457 0.008957420579103738 0.008970646865463131 0.008956469051899126 0.00891378196502856
0.005834652219329203 0.005870712091003039 0.005880391415710812 0.005865628847976256 0.005828965956505713 0.005773659485998117 0.005703796930516342 0.005624398767208494 0.005541478621906709 0.00546201826974986 0.005393802850350501 0.00534506368838053 0.005323905662422954 0.005337559162133285 0.005391573125540006 0.005489107788794134 0.005630476329293907 0.00581312881551152 0.006032290945458096 0.006281669057421967 0.006553309368646058 0.00683748770109039 0.007123574710095934 0.007401660258390501 0.007664271845870777 0.007907340337629298 0.008129888896559114 0.008332753090271428 0.008517180616379252 0.008683953442097915 0.008833134362310577 0.00896419315230499 0.009076231977272982 0.00916815518475092 0.009238757310716043 0.009286767602677139 0.009310894572971837 0.009309891617205086 0.009282641542932589 0.009228246026515029
0.006398399820711304 0.006443081253306698 0.006463939937822655 0.006463022227902945 0.006442920266505323 0.006406849032868228 0.006358715251002858 0.006303162620678343 0.006245570542588411 0.006191976882707631 0.006148893227164373 0.006122989211842039 0.00612064585081 0.006147415196711831 0.006207463302660199 0.006303098110930328 0.006434489017523873 0.006599672642901552 0.006794840695429572 0.007014679140756014 0.007252561177143992 0.007500818967006391 0.007751391063956711 0.007996792607267933 0.008231072193941424 0.008450351507620815 0.008652726602230411 0.008837654977867454 0.009005191262893321 0.009155399604722371 0.009288064650876171 0.009402641982554222 0.009498325361376486 0.00957413590335765 0.009628993549478486 0.009661771082282437 0.009671344723517494 0.009656651422906185 0.009616753611910056 0.00955090543095892
0.006972742599621523 0.007026226456103485 0.007058145668377286 0.007070578742352923 0.007066084265195824 0.00704774878837032 0.007019220537344148 0.006984716141651734 0.006948983768926748 0.006917203879046194 0.006894810689435857 0.006887226030406549 0.006899513912484653 0.006935986664038024 0.006999815445791383 0.007092711234566382 0.007214741076400008 0.007364320515364828 0.007538363955235244 0.007732510575573254 0.007941373384723061 0.008158871574878379 0.008378724209954787 0.008595064145685623 0.008803006758065286 0.008998980403316516 0.009180716122563742 0.009346948562899214 0.009496993230154738 0.009630369722051987 0.009746561673714078 0.009844915322292029 0.009924630281175087 0.009984792416074695 0.01002441785229777 0.01004249735748042 0.01003804142596645 0.01001012839907259 0.009957955365287152 0.009880888592734644
0.00755539661481304 0.007617590370435079 0.007660182593194592 0.007685225689258238 0.007695185022829829 0.007692964212559175 0.007681913957982872 0.007665814630925222 0.007648821264717096 0.007635359667628267 0.007629965503824776 0.007637065431430556 0.007660710797342235 0.007704288103263887 0.007770242681191988 0.007859858131631342 0.007973129880461047 0.008108753485491421 0.008264219400703377 0.008435984336325128 0.008619699843619898 0.008810508060232064 0.00900341328112126 0.009193692204740075 0.009377256239408514 0.009550870898656028 0.009712182127367651 0.009859572208687738 0.009991924471526831 0.01010838673910176 0.01020819349952023 0.01029056416012036 0.01035466434886592 0.01039960689157662 0.01042447297627045 0.01042834250147373 0.0104103291850904 0.01036961879088326 0.01030550886417184 0.01021744747283149
