examples_in_prep/malm_models/grd6.grd
DSAA
100 85
284213.5 284354.44
5036144.01 5036264.28
-0.97460792468097 0.016504785554465
[rows 0 to 17 of 85, columns 40 to 79 of 100]
-0.1949426494835488 -0.1977502212180574 -0.2008653903435607 -0.2043490357231226 -0.2082848352313587 -0.2127918331755706 -0.2180436427372563 -0.2242981199008485 -0.2319449448532618 -0.2415849795404789 -0.2541645139919279 -0.271194153305594 -0.2950559128064738 -0.3292362080298724 -0.3778774709532922 -0.443924694789348 -0.527097637414199 -0.6244524379207048 -0.7327307607014307 -0.8497607118974513 -0.9746079246809677 -0.9739100059216836 -0.8894744319719182 -0.8143270167613141 -0.7491353350941635 -0.6940326149904162 -0.6484671052125045 -0.6113280170682018 -0.5812356354410777 -0.5568161798117545 -0.5368646855971724 -0.520399974277417 -0.5066556028225815 -0.4950451602708443 -0.485123430247792 -0.4765522969071027 -0.4690736648423796 -0.4624889516460981 -0.4566439068006177 -0.4514174782116501
-0.1731688647846851 -0.1746566005725889 -0.1762748942501305 -0.1780429820728779 -0.179989811260627 -0.182162902589714 -0.1846421646073951 -0.1875610557326584 -0.1911414342742021 -0.1957579035288968 -0.2020668502093192 -0.2112739032983769 -0.2256816226501612 -0.2496497318884212 -0.2901642469933338 -0.3533695290853966 -0.4377571124119877 -0.5360079074794479 -0.6411889571659382 -0.746130770332625 -0.8310207504050263 -0.8408864833081613 -0.7873778823844213 -0.723280902305097 -0.6644847856289587 -0.6150259361061242 -0.5753374135075029 -0.5442581152638091 -0.5200819193210942 -0.501165049386076 -0.4861674030157179 -0.4740792933295963 -0.4641660685829617 -0.4558991355062434 -0.4488975211602929 -0.4428842896173554 -0.4376556839476199 -0.433059710162011 -0.4289813404320355 -0.4253322544154686
-0.1521527977162377 -0.1524130711022392 -0.152644780277772 -0.1528276556059033 -0.1529371379807192 -0.1529496353992813 -0.1528508315109586 -0.1526460510224567 -0.1523735067785444 -0.1521297907738764 -0.1521370140963288 -0.1529248962859778 -0.1558472194606309 -0.1647198791541741 -0.1904149041354895 -0.2494678819728088 -0.3361880687067551 -0.4323233660900903 -0.5269897254152908 -0.6104077424197626 -0.6666708077007623 -0.678107222876311 -0.6494983076703096 -0.6036484501519578 -0.5575105209778648 -0.5188234811475835 -0.4893458537939792 -0.4678232576033419 -0.4521982130338257 -0.4406733208865127 -0.431951062412456 -0.4251581781920102 -0.4197181298418122 -0.4152488521569186 -0.4114935932130728 -0.4082766262392492 -0.4054752564335308 -0.4030020501676502 -0.4007934217431505 -0.3988021973644116
-0.1321160183253678 -0.1312844766848289 -0.1302977163195278 -0.1291031447344531 -0.1276303549850459 -0.1257947818858468 -0.123504689690757 -0.1206664708008752 -0.1171800595098045 -0.1129213799323317 -0.1077301873066064 -0.1014347978265686 -0.09395191457013219 -0.08576120636345645 -0.08335556049998885 -0.14228432370471 -0.2367778178294957 -0.3282541840415949 -0.4099176097808859 -0.4749120733685432 -0.5145305394627938 -0.5226843069466791 -0.5032382165831083 -0.4693821719341297 -0.4354522377886591 -0.4100639816008282 -0.3942868291214226 -0.3853384440219136 -0.3803906073363084 -0.377629176620027 -0.3760416141987407 -0.3750823449367334 -0.3744574905783326 -0.3740075644679845 -0.3736457048647909 -0.3733249253108248 -0.3730204031924223 -0.3727196961801533 -0.372417243912761 -0.3721112442170813
-0.113249681995895 -0.1114955722134377 -0.1095049364749462 -0.1072044598214939 -0.1044895581873015 -0.1012295670597279 -0.09728135837588212 -0.09250477348134271 -0.08676183012957565 -0.07987252989445785 -0.07156241017475776 -0.06150055235516799 -0.04943965411022626 -0.03573774127455087 -0.02708841031335748 -0.07678810728186866 -0.1598784396024272 -0.2379863729739584 -0.3042399943845137 -0.3532786188364974 -0.3799829138091336 -0.38185205713076 -0.3621387972245094 -0.3312907722281255 -0.3052140637019642 -0.2946192903317981 -0.2958489604736879 -0.3017169775982502 -0.3085338130377769 -0.3149720810728698 -0.3206503394964519 -0.3255254356482675 -0.3296665002770584 -0.333172060285819 -0.336140107561025 -0.3386581606194196 -0.3408009524860153 -0.3426309611292116 -0.3441998888430174 -0.3455503346748917
-0.09570694879501952 -0.09321883997289054 -0.09046869844001013 -0.08737819160598942 -0.08382077955352751 -0.07963139490803201 -0.07463475647586806 -0.06868923242640133 -0.06173778917200198 -0.0537584946045477 -0.04461929627539663 -0.03434521848423403 -0.02378380213569549 -0.01619595298674831 -0.02160623311067782 -0.05505717229505308 -0.1099553503552517 -0.1674556294985334 -0.2166153577525776 -0.2510983626077268 -0.2665854644444257 -0.2610257861159663 -0.2358248273724652 -0.1982931822418794 -0.17171900822171 -0.180625717163468 -0.2025202805976977 -0.2234534769896064 -0.2412161430884618 -0.2559302038857506 -0.268091520615208 -0.2781871800405543 -0.2866235905532608 -0.2937249682982011 -0.2997467632593059 -0.3048900234305962 -0.3093134871518356 -0.313143107487437 -0.3164794028437576 -0.3194031002600727
-0.07960111090212227 -0.07656805447677248 -0.07331131184667647 -0.06976926142509202 -0.06580266138371596 -0.06121377162526422 -0.05579699980236056 -0.0494041173656713 -0.04210729382762245 -0.03436360701070518 -0.02612120904340146 -0.01766257693803545 -0.01053454882411753 -0.00821877609522647 -0.01652598224128089 -0.04009544339893097 -0.07579726759522537 -0.1145819718074767 -0.1480086003562515 -0.1700443875460434 -0.176647182517618 -0.1655910645026076 -0.1364896596557377 -0.09056640362487459 -0.04029910222175095 -0.08786323682641728 -0.1265074470253624 -0.1575969048279895 -0.1827902563586469 -0.2033876265148495 -0.2203858382006366 -0.2345444859757792 -0.2464437568273259 -0.2565297872580828 -0.2651484005118324 -0.2725697689321353 -0.2790065170732938 -0.2846271716165705 -0.2895662682553841 -0.2939320043038955
-0.06501310032348044 -0.06160030250877305 -0.05807168177856524 -0.05441892125825086 -0.05048950739517316 -0.04603630417811684 -0.04082471961831902 -0.03469581381089149 -0.02759840626066693 -0.0210863026130611 -0.01452512576991458 -0.008293497294244202 -0.003959506689744013 -0.004026036918185531 -0.01142597499851548 -0.02763741781884109 -0.05065448020165665 -0.07550686048795272 -0.09659746978505682 -0.1092490625288312 -0.1101936925504091 -0.09781356826183023 -0.07264373338864472 -0.03973024369188816 -0.02102428247642136 -0.04248461675693747 -0.07658996241020054 -0.1084154893641632 -0.1358629362223434 -0.1591473915573056 -0.1788685846720583 -0.1956266928395384 -0.2099412160778993 -0.2222425327525378 -0.2328812876469968 -0.242141186859639 -0.2502512902171459 -0.2573967343327867 -0.263727666813266 -0.2693664786322516
-0.05201597923362705 -0.0483332931854277 -0.04470999713342973 -0.04127855420664546 -0.03783592921234465 -0.03401594735447779 -0.02956678443346233 -0.02442421684676381 -0.01882086562441145 -0.0133889771430836 -0.008293841265051401 -0.003893998507947083 -0.001260425058948606 -0.001919797102473142 -0.007318944163974418 -0.01787402029319567 -0.03220233024203809 -0.04732957199031987 -0.0597061713527704 -0.06614635778862138 -0.06443126514555997 -0.05396620212000237 -0.03668206409337218 -0.01883421399948641 -0.0121115523784765 -0.02406816756232397 -0.04792589328305336 -0.07475046132657426 -0.1003935990266401 -0.1235464061974809 -0.1439934164545916 -0.1619015412605895 -0.1775566247334848 -0.1912622120699498 -0.203300087907219 -0.213916958099547 -0.2233227069607215 -0.23169348831041 -0.2391764107598847 -0.2458943219034027
-0.04073116331867258 -0.03680637225662846 -0.03312172592864619 -0.03026382598944668 -0.02777411590067017 -0.02497155280726164 -0.02162725934069657 -0.01778503004521369 -0.01368544452222883 -0.009670998112121715 -0.006005950976925821 -0.003010405664952892 -0.001280583191682005 -0.001656353387471263 -0.004893830547284588 -0.01111520330604375 -0.019412378831078 -0.0279448817083708 -0.0345519045272288 -0.03735806584537028 -0.03490988176847376 -0.02731253823842644 -0.01668513046620802 -0.007532081898799177 -0.005640066660773095 -0.01417887878366195 -0.03115287378534648 -0.05231710157474385 -0.07442279418496184 -0.09572193393323913 -0.1154365723635468 -0.1333143361217954 -0.1493682791693822 -0.163730055448551 -0.176572415641721 -0.1880718541743056 -0.1983925946223455 -0.2076811325112163 -0.2160656033392192 -0.2236571075230402
-0.03141037618729658 -0.02732110232044945 -0.02317929700097994 -0.02151676895282121 -0.02037296592034056 -0.01871048359514756 -0.01653236252413502 -0.01398784038185468 -0.01131596057260445 -0.008777397681921942 -0.006560357855026795 -0.004762239881226517 -0.0035153625055672 -0.003210015994157385 -0.00440711153557713 -0.00731879796812198 -0.01145305704468271 -0.01569393205184523 -0.01874675637260339 -0.01955879366946937 -0.01724397926713412 -0.01213561439646862 -0.005889273217177082 -0.001336837731702359 -0.001548061913859658 -0.00820218623785695 -0.02072451859207011 -0.0371591581504421 -0.0555104681347522 -0.07425909592765716 -0.09240784219925818 -0.10944272890339 -0.1251708047247103 -0.1395700606124065 -0.1526998098502156 -0.1646534362729297 -0.175534883931081 -0.1854475167376217 -0.1944890994596786 -0.2027497170619122
-0.02434301306585954 -0.02079702767970023 -0.0173382554146007 -0.01625101301764933 -0.01581855698857577 -0.01500933739918944 -0.01381870628894506 -0.01240267664659649 -0.0109994716898662 -0.009857669652920988 -0.009109028156100478 -0.008564673540921483 -0.007676020032439147 -0.006418076013984642 -0.005681952107571747 -0.006054004586507282 -0.007366622063147914 -0.008958799190877567 -0.01001688386297817 -0.009817172500906739 -0.00794071302965034 -0.004641339286417849 -0.0009991008437172655 0.001257509587025793 0.0003423329589658034 -0.004798509189334249 -0.01408723120622204 -0.02666344476050813 -0.04160817211425318 -0.05775567205095235 -0.07397708288088574 -0.08968071818889804 -0.1045805158832808 -0.1185510045858648 -0.1315552327590401 -0.1436051967535915 -0.1547400241290247 -0.1650135834978752 -0.1744869453227114 -0.1832235220840112
-0.01940887506462612 -0.01700873642762037 -0.01504095619899279 -0.01408455550576451 -0.01376166562549441 -0.01346174928787838 -0.01299187924879985 -0.01243117155971811 -0.01201219707678535 -0.01202647853857926 -0.0126944464868964 -0.01380157058744794 -0.01349506160325206 -0.01070877600564933 -0.008071832316229988 -0.00656468355042103 -0.006065805669238755 -0.006114402860264018 -0.006159386448452778 -0.005705169009373276 -0.00444491512317937 -0.002429943725083927 -0.0002282541380194125 0.001086348313054757 0.000303505209150963 -0.003385719930084047 -0.01010277144532205 -0.01938124044902422 -0.03139552977486819 -0.04513702857112691 -0.05928033709116472 -0.07337578979645314 -0.0871278045158282 -0.100349136290143 -0.1129259033367359 -0.1247958920426998 -0.135934980648093 -0.1463468681882617 -0.1560543768481892 -0.1650922958037601
-0.01611528519796126 -0.01476705753170286 -0.01378495585962639 -0.01336922705263668 -0.01338396071367464 -0.01351025875317455 -0.01354227739036669 -0.01351052580593803 -0.01365838790552045 -0.01432595580035912 -0.01584996364599577 -0.01851825249796929 -0.01979342848879215 -0.01440405594960705 -0.01049834476666463 -0.007949329225549674 -0.006503684709875363 -0.005827495686074241 -0.00556252812458758 -0.005367970839667897 -0.004924724075214979 -0.003949766512699356 -0.002460507251603225 -0.001192139866747717 -0.001274355373115502 -0.003516120882345583 -0.008181424896185001 -0.01518642202895121 -0.02452406005873702 -0.03560430765111676 -0.04754989943764956 -0.05989079173604486 -0.07231862852161575 -0.08459989848828585 -0.09655393331005555 -0.1080500784458674 -0.1190053888440023 -0.1293771556906707 -0.1391526951486488 -0.1483396922155332
-0.01403811214622029 -0.01352532255267696 -0.01331924683905331 -0.01352202229163054 -0.01405265558668423 -0.01465139733023299 -0.01503231807126054 -0.01517883056051041 -0.01540564011441795 -0.01606812518740059 -0.0173473464851834 -0.01893378537327563 -0.01876131854629857 -0.01555590064851949 -0.01210562065967045 -0.009491504235929489 -0.007825550866955806 -0.007004944523331017 -0.006878924161711368 -0.007282687315700642 -0.007944440449927523 -0.008146244160161249 -0.0068732065903718 -0.00486119030346701 -0.003818076398177786 -0.00463268216263326 -0.007571466373246509 -0.01262405617446537 -0.0196468805647424 -0.02828239819097909 -0.03806409002311682 -0.04862437559153306 -0.05967307206837444 -0.07093884794181798 -0.08217273546172385 -0.0931771795311715 -0.1038172305177562 -0.1140120646678501 -0.1237203112332284 -0.1329270641131298
-0.01287706469841719 -0.01298424951895852 -0.01338449721428628 -0.01416724815854682 -0.01529996394837907 -0.01650350554467625 -0.01714942521756396 -0.0170791441295283 -0.01694938667740572 -0.01715720259966792 -0.01768410677764472 -0.01806671904350814 -0.01741877627519801 -0.01544991219032052 -0.01301146948330174 -0.01089955239324435 -0.009458103159955787 -0.008800566695442408 -0.008969940371649623 -0.01000292745333994 -0.01190836597848038 -0.01412788935995353 -0.0124632442016044 -0.008815238923019976 -0.006546327109723575 -0.006119403657655897 -0.007599657652912838 -0.0109223834628034 -0.01594049827778924 -0.02243867091447469 -0.03019629837155996 -0.03903852859359082 -0.04875781535294349 -0.05903911651607144 -0.06954118392858673 -0.07999791948421375 -0.09023580044473681 -0.10015043667472 -0.1096823265081048 -0.1188004709852315
-0.01237863610282404 -0.01289578758197909 -0.01370245265588168 -0.01490670174590807 -0.0165691729064535 -0.01860793685246703 -0.01962299815446335 -0.01875030165670106 -0.0180679254613545 -0.01776671221296804 -0.0176788404876969 -0.01745727710419751 -0.01671217316552821 -0.01535108262542808 -0.01369732522858155 -0.01217614873141114 -0.01109070921909157 -0.01064102912250209 -0.0109770697493943 -0.01221655471186965 -0.01443360055925515 -0.01727892620787441 -0.01548669465818025 -0.01143319751420236 -0.008687224253611244 -0.007498963306363453 -0.007881661317511522 -0.009773652675068516 -0.01306809643294197 -0.01765043659668114 -0.02348682847267501 -0.03068564561600511 -0.03922353483250843 -0.04865681943650411 -0.0584780885750676 -0.06836580438134292 -0.07813895854192435 -0.08769127091146195 -0.09695720033503202 -0.1058959828356482
-0.01232473432136751 -0.01305004740266173 -0.01402764533012142 -0.01536940053695372 -0.01713822134462718 -0.01925824432595963 -0.02030589522322571 -0.01936617860107046 -0.01854425698701553 -0.01800201216301901 -0.01760487576601656 -0.01714705575324629 -0.01645123447797538 -0.015489607480208 -0.01440417605340875 -0.01338488653821493 -0.01259473694352473 -0.01223493509171165 -0.01249132804919827 -0.01341803473323669 -0.01481079403903936 -0.0157843408519005 -0.01477650007286391 -0.01230297892626903 -0.010013058341413 -0.008606146688701848 -0.008278592713046512 -0.009061857613947059 -0.01091754196493891 -0.01378330899160431 -0.01769930018610375 -0.02321343159954194 -0.03088771373898954 -0.0397026876487153 -0.04889109769230975 -0.05817557264604244 -0.06741996609912999 -0.07653607294750928 -0.08545963389166844 -0.09414291467325681
