examples_in_prep/malm_models/grd6.grd
DSAA
100 85
284213.5 284354.44
5036144.01 5036264.28
-0.97460792468097 0.016504785554465
[rows 18 to 35 of 85, columns 0 to 39 of 100]
-0.05883780358503273 -0.05733825037740821 -0.05583398202590571 -0.0543230723298938 -0.05280299134681096 -0.05127069294771363 -0.04972276943646119 -0.04815568343419376 -0.04656608440633407 -0.04495121468677348 -0.04330940900433593 -0.04164068911818617 -0.03994743754460912 -0.03823507381308132 -0.03651251883239745 -0.03479201236688751 -0.03308765713528934 -0.03141223803523102 -0.02977283802692049 -0.02816734009207206 -0.0265846193691756 -0.02500982789666639 -0.02343359432888974 -0.02186048366996964 -0.02030382911241203 -0.01875595123272313 -0.01717033754124477 -0.0154901189582973 -0.0136808362526785 -0.01176329475855292 -0.01015634272525894 -0.009954701825202958 -0.01004366122699685 -0.01007178758988988 -0.01005851701420751 -0.01008163203898266 -0.01023510286778702 -0.01058824808579386 -0.01114804653271975 -0.01184131743270695
-0.05434931725004297 -0.05282276099925461 -0.05129522910492913 -0.04976470546132858 -0.04822839130461127 -0.04668278025372438 -0.04512381375750647 -0.04354713254202301 -0.04194843481911968 -0.04032394839277803 -0.03867102905700205 -0.03698891543135846 -0.0352796869167484 -0.03354944005988438 -0.03180952952164886 -0.03007729802218267 -0.02837504015862163 -0.02672554381426738 -0.0251439182465362 -0.02362940477907621 -0.02216382833555965 -0.02072005792661442 -0.01927862296500447 -0.01785172613979959 -0.01649854391182917 -0.01524662545060473 -0.01401342015683305 -0.01272047538881943 -0.01136701884310891 -0.01006653226330898 -0.009131007329047917 -0.008824032872306854 -0.008894764621983776 -0.009068681999647672 -0.009269537635792115 -0.009523652938344916 -0.009898336859494393 -0.01046077891680088 -0.01124399742180044 -0.01218370632618872
-0.05001575545732464 -0.04846971476268248 -0.04692749788984583 -0.0453870551464728 -0.04384533666509272 -0.04229834130987385 -0.04074126014603075 -0.03916873897960407 -0.03757527316850404 -0.03595573433186194 -0.03430603276654454 -0.0326239641449006 -0.03091037657220355 -0.02917087240092258 -0.02741818556541176 -0.02567485527290275 -0.02397435807364971 -0.02235645352297046 -0.02085252444436741 -0.01946620204336792 -0.01816698470637025 -0.01690508694150258 -0.01563529589459746 -0.01434976204052382 -0.01319205264346401 -0.01234109026105931 -0.01154028843206679 -0.01068001672116729 -0.009795109920005513 -0.009000862233918473 -0.008466124303246336 -0.00829066948681946 -0.008399230703073225 -0.008648148445816573 -0.008951015051390371 -0.009306294184191072 -0.009771146493560055 -0.01041701952667715 -0.01130136704953714 -0.01246146919610319
-0.04583765750059338 -0.04427967126038396 -0.04273151495012104 -0.04119119668268752 -0.03965547044882491 -0.03811983899857876 -0.03657866572534982 -0.03502543988819395 -0.03345321538816792 -0.03185519990987943 -0.03022544782507716 -0.0285596690866646 -0.0268563560175336 -0.02511872280704407 -0.02335820368911373 -0.02160013962802777 -0.01989066438753798 -0.01829745744044328 -0.01688677342748684 -0.01567496759285972 -0.01460840207801474 -0.01360223107246914 -0.01258281432244015 -0.01150038030435296 -0.01043656166837002 -0.01013168592510698 -0.009732436745822012 -0.009254963445751427 -0.008757747828203349 -0.008334897596069917 -0.008092311184681768 -0.008090908012934162 -0.008302848047396241 -0.008628829318964533 -0.008968725792763407 -0.009313958342628916 -0.009741721091050939 -0.01032756017832048 -0.01110072832627152 -0.01198941310292701
-0.04181504760037377 -0.04025258048722062 -0.03870730474546787 -0.03717742116166854 -0.03565959661646317 -0.03414888928330413 -0.03263879189469222 -0.03112148547483123 -0.02958835536971011 -0.0280307132559763 -0.02644055627440892 -0.0248112072499015 -0.02313797249775181 -0.02141955972682711 -0.0196617244751894 -0.01788547017771618 -0.01614330611734001 -0.01454201958864395 -0.01322728982517015 -0.01225231767217903 -0.01150328132057531 -0.01083607448964665 -0.01016940510327247 -0.009498778063782902 -0.008964797492463608 -0.008715099862786041 -0.008545789769192083 -0.008346862752156202 -0.008131474041471826 -0.0079645280030251 -0.007928366732913875 -0.008083468483286879 -0.008431402825622325 -0.00887419285972673 -0.009212842111650903 -0.009438012664304871 -0.009726586938273128 -0.01016033535705465 -0.01073079203807807 -0.01135390480522727
-0.03794750774007871 -0.03638784436078862 -0.03485422341077338 -0.03334522122332822 -0.03185760500484205 -0.03038612788029337 -0.02892342215459381 -0.02746019419624778 -0.02598587931755986 -0.02448969093680205 -0.02296168447040207 -0.02139326721255194 -0.01977690311215007 -0.01810589171236737 -0.0163763405542851 -0.01459414644107353 -0.01279443076421689 -0.01110298652930269 -0.009848425645689413 -0.00921954434624811 -0.008885768861131328 -0.008606571147547169 -0.008321356592962279 -0.008054193293870811 -0.007878457127268541 -0.007832185593280243 -0.007849600562149686 -0.007852995236451922 -0.0078231071703838 -0.007804164963017196 -0.007878603682836577 -0.008125841908618446 -0.008591162639673217 -0.009244476589599641 -0.009558533952853499 -0.009529980223263693 -0.009647050897722935 -0.009922867608283897 -0.01031437362284877 -0.01075632881427673
-0.03423431864527245 -0.03268446888873879 -0.03117109501515984 -0.02969336951014644 -0.02824846168059299 -0.02683112135032312 -0.02543323900561179 -0.02404382453305529 -0.02264985349602502 -0.02123801333595601 -0.0197967120516333 -0.01831701786877894 -0.01679108039155045 -0.01520887618464446 -0.01355756912003431 -0.01182540053942788 -0.01000826159881567 -0.008134124073024315 -0.006739808678172851 -0.006739085341736451 -0.006850175277576892 -0.006915221596396563 -0.006949745919392403 -0.006996471155337677 -0.007103135119686348 -0.007285924877346701 -0.007503102978133835 -0.007676334498162962 -0.007753228118381902 -0.007772434132457817 -0.007844453604144042 -0.008073684434712861 -0.008516140429174618 -0.009141521843755378 -0.009430566945979088 -0.009371273782417047 -0.009430333809644718 -0.009614904201527233 -0.009884916327963442 -0.01019734944326643
-0.03067469194864473 -0.02914136026589737 -0.02765653181636613 -0.02622017643888237 -0.02483032505294522 -0.0234823483717312 -0.02216778847299496 -0.02087367524141779 -0.01958349857630246 -0.01828018509835754 -0.01695023648218968 -0.01558691288612541 -0.0141878118409326 -0.01274498663800644 -0.01124185321628839 -0.009664137088249147 -0.008012619340690516 -0.006341192461637127 -0.005187374430737426 -0.005247323158486625 -0.005507294368292656 -0.005754670261517977 -0.005991042426895958 -0.006249664608288713 -0.006567620980805412 -0.006960577723328719 -0.00739203871781461 -0.007740691702742275 -0.007855591746100045 -0.007786542422584815 -0.007738873637071861 -0.007847134675088831 -0.008138695592869186 -0.008524696622461976 -0.008803991870192977 -0.008942451780344286 -0.009075053437146756 -0.009248888840077442 -0.009453035090636192 -0.009670759490222752
-0.02726810515467985 -0.02575783478907168 -0.02430957874632801 -0.02292409776053409 -0.02160090752367454 -0.02033727234218158 -0.01912549717800693 -0.01795042088112052 -0.01679016952056742 -0.0156210863139351 -0.01442525797262727 -0.01319966548172834 -0.01195910037427844 -0.01070611958985923 -0.00941754613007309 -0.008087578251132446 -0.006756746881932479 -0.005560474559650169 -0.004796768371995205 -0.004625490998709597 -0.004784114747616336 -0.005054416805357731 -0.005370117816264425 -0.005734260339454782 -0.006175551708604059 -0.006721904292705951 -0.007369993396650974 -0.007977840266802684 -0.008054738054791191 -0.007722254406424246 -0.007470697869112739 -0.007425361714123016 -0.007577747273592707 -0.007852034675269834 -0.008146354337378647 -0.008410669759339226 -0.008649787150138706 -0.008861795438135603 -0.009035864291066245 -0.0091774910330042
-0.02401470634652201 -0.0225344088282164 -0.02113091439654128 -0.01980504794933127 -0.01855837299478259 -0.0173925701421596 -0.01630365515331456 -0.01527452702497646 -0.01427471080165846 -0.01326936952916361 -0.01223047647300617 -0.01115043467367811 -0.01008386698628118 -0.009068533370385115 -0.00803261353643242 -0.006978831542305095 -0.005967897168204284 -0.005114879740315215 -0.004563851546816933 -0.004373622121382884 -0.004456354426624232 -0.004687499512302282 -0.004994202693678868 -0.005363260990531853 -0.005818979700470989 -0.006398017040294149 -0.007136069550000353 -0.008065078798405456 -0.007996192280435917 -0.007330775039587498 -0.006927003814542962 -0.006782253196835904 -0.006865757825095797 -0.007117909470640789 -0.007467041218077411 -0.007852013365628408 -0.008217752666396211 -0.008498605939220402 -0.008654788815687917 -0.008718675662121228
-0.02091563877914058 -0.01947384367878304 -0.01812492880460954 -0.0168671601619724 -0.01570354237858888 -0.0146447771848523 -0.01369840017829106 -0.01284688143923787 -0.01204423894905088 -0.01123853447136837 -0.01039065562436844 -0.009478609702091245 -0.008578694339244491 -0.007826559897527993 -0.007028791689382044 -0.006221464676288022 -0.005465863693117801 -0.004845545953077332 -0.004442065793429095 -0.004288708352939125 -0.004346879011300708 -0.004533830957436202 -0.004777389947271352 -0.005063723455021055 -0.005421812759309974 -0.005877201776809241 -0.006419877174086444 -0.006903085152842325 -0.006860255374070763 -0.006412597592622575 -0.00604363917765819 -0.005896690556338652 -0.005988262018920318 -0.006284775753901559 -0.006730655251567713 -0.00726445936494198 -0.007804712814043893 -0.008198976000974689 -0.00831951898288491 -0.008278913938286059
-0.01797291171246303 -0.01658209160289063 -0.01530284507669169 -0.01412436509426748 -0.01304562235117276 -0.01209225442392393 -0.01130522627101149 -0.01067186176007044 -0.01010958557955731 -0.009539556968814575 -0.008920760597306926 -0.00825152098032772 -0.007587711644182468 -0.006968154358982334 -0.006348420928804444 -0.005731931837461374 -0.005161054630708012 -0.004695642867706837 -0.004392930727557379 -0.004282637226639935 -0.004348385067291113 -0.004512313164374421 -0.004657736245493128 -0.004787601115502499 -0.004967572900765112 -0.00520636695128042 -0.0054552678358296 -0.005591700397332096 -0.005474643766183791 -0.005164147886476928 -0.004880886916131914 -0.004786145811708185 -0.004939869321010593 -0.005327096715877451 -0.005896339553391618 -0.006592500744297763 -0.007360688705064671 -0.007996470309943202 -0.007975055153575897 -0.007801788658956491
-0.01518818916762997 -0.01386809623623654 -0.01268587286868206 -0.01161003526617244 -0.01061813677620611 -0.009742758961850839 -0.00912202153793118 -0.008771534573961404 -0.008494072223806465 -0.008177322056322517 -0.007791519159037072 -0.007346775550490542 -0.006875751999960669 -0.006401741859606028 -0.005924146696401844 -0.00544780429610027 -0.004999264680369361 -0.004624426454905406 -0.00437382007986184 -0.004283243013974675 -0.004361639808899906 -0.004565461168040685 -0.004571353158146482 -0.004488237590498018 -0.004471024360799214 -0.004489864186958154 -0.004486157064478871 -0.004386221776310074 -0.004145848262943785 -0.003818128599541962 -0.003549161747508946 -0.003496206946898318 -0.003739004961044748 -0.004248597850395552 -0.00494518696932468 -0.005757593839209346 -0.006629100067146052 -0.007364584589096473 -0.007361813835302579 -0.00720294464702792
-0.01255998059773782 -0.01134099683722194 -0.01030441711055577 -0.009384596636798359 -0.008516970456968948 -0.007668870552008503 -0.007179295731444338 -0.007235573707652432 -0.007247450809452716 -0.007159624345101714 -0.006972559563465444 -0.006706240576282621 -0.006390597333071166 -0.006050109501306022 -0.005693562815138858 -0.005320074097387148 -0.004940422367416056 -0.00459599763142568 -0.004343177156771405 -0.004223051149496268 -0.004247457643113406 -0.004370307811595142 -0.004292488364094807 -0.004104611901788201 -0.003950030092267458 -0.003799285728489178 -0.003604216911333676 -0.003320700158428509 -0.002934711279607663 -0.002494634304764015 -0.002136048765146531 -0.002072649161257364 -0.002431341410136997 -0.003102537687522451 -0.003925141503496051 -0.004794761103749087 -0.005616858113706262 -0.006225644302353318 -0.006477298399492203 -0.006498551844307129
-0.010079806553088 -0.009006120037695589 -0.008190112039533154 -0.007514248377279056 -0.006891574022247146 -0.006302817012886791 -0.006045819885251463 -0.006243237153977205 -0.006420713666991137 -0.00648936950996086 -0.006441867711690169 -0.006298057452976597 -0.006091985726849269 -0.005856091548365416 -0.005603165844429103 -0.005310650332079975 -0.004951149717325479 -0.004575814720468377 -0.004269629412500434 -0.00407589865452998 -0.003988968318742348 -0.003944375313027097 -0.003835976484337131 -0.003654031432080436 -0.003438484923102433 -0.003181887629830835 -0.002854799187356205 -0.002432043741227428 -0.001907590921963208 -0.001308743569633022 -0.000736945604742148 -0.000549832158914236 -0.001119312266577903 -0.002013496168967281 -0.002956637587348654 -0.003861215638538168 -0.004658450227628945 -0.00526681506766849 -0.005639102335343343 -0.005812503793925589
-0.007729587190730594 -0.006872397865612598 -0.006376756416614129 -0.006024705125537627 -0.005736245099590726 -0.005537460188281274 -0.005539974017077065 -0.005746892644777416 -0.005987664636796841 -0.006141626959470153 -0.006168900720148599 -0.00608279205559864 -0.005926830030183655 -0.005750308385354896 -0.005584500055443017 -0.005386455264023704 -0.004989416811626415 -0.004515360824983425 -0.004125872441795894 -0.003850424113123196 -0.003670717783411812 -0.003538666760029258 -0.003397920234252054 -0.003217559195911733 -0.002983764456708941 -0.002674874998867774 -0.002268837915678564 -0.001757430795494806 -0.001145308029008418 -0.0004437155691994141 0.0003332903890315569 0.0009953936662452367 -0.0001177887161214197 -0.00118028798071302 -0.002177441331725288 -0.003086626140841015 -0.003873634850437333 -0.004501437059304843 -0.004951556155632426 -0.005237051817658885
-0.005482529865978372 -0.005023575722965953 -0.004940781994181576 -0.004915682736273491 -0.004930815175701334 -0.005022424522526117 -0.005232476892764001 -0.005542616750087451 -0.005856709456211084 -0.006065925477414594 -0.00611167237574789 -0.006010796382422745 -0.005829351591854493 -0.005638571112666288 -0.005493888006672193 -0.005432863051097858 -0.004907598924392548 -0.004328636691462398 -0.003878216155631581 -0.003547960639494072 -0.003315078385829728 -0.003144245569544929 -0.002995978893643808 -0.002833969108126402 -0.002618370844328102 -0.002301306502222766 -0.001857075755303451 -0.001304989664298088 -0.0006814943202566523 -2.690222408838205e-005 0.0005702032151784914 0.0007618253749232182 0.0001629004868035147 -0.0007419113503796121 -0.001665015203164692 -0.002526437144816561 -0.003287869765643048 -0.003925797988162609 -0.004430590180677305 -0.004805698869126115
-0.003996451996508457 -0.003876303446242554 -0.004017112536938663 -0.004189158937059928 -0.00440474772464157 -0.004692248916788711 -0.005070017804731028 -0.005515024056330642 -0.005941139252714278 -0.006210719537003098 -0.0062236056759504 -0.006023920332134475 -0.005732711718677244 -0.005440666662575519 -0.005184353850349266 -0.00491297940915908 -0.004469214995609955 -0.003951734561127268 -0.003506069868806958 -0.003162858621689621 -0.002914696180722987 -0.002739682556791037 -0.00261044285702286 -0.002495966854323697 -0.002346472782718642 -0.002065129546311516 -0.00159692923661716 -0.001029096089186131 -0.0004470159131072515 8.222277528105448e-005 0.0004509307225053841 0.0004814348795267459 7.896024894004511e-005 -0.000609065305033199 -0.001394854303741457 -0.002170283246509294 -0.002883978828860226 -0.003515223786700772 -0.004058358214692699 -0.00451250605411397
