examples_in_prep/malm_models/grd6.grd
DSAA
100 85
284213.5 284354.44
5036144.01 5036264.28
-0.97460792468097 0.016504785554465
[rows 36 to 53 of 85, columns 40 to 79 of 100]
-0.004802816358195475 -0.005202863162930019 -0.00547931481430447 -0.005585776087405875 -0.005501921427653302 -0.005266027823194242 -0.004985506808755764 -0.004798903294420918 -0.004798110715194051 -0.004972533458060889 -0.005225399047703909 -0.00545660525251896 -0.005641294132319924 -0.005796977240220172 -0.005937637775338504 -0.00607772927054144 -0.006256873809403186 -0.006533985976971336 -0.006889176136416465 -0.007285217846649247 -0.007717918949770426 -0.008194788893471749 -0.00872260879011039 -0.009298752249588198 -0.009896980066533619 -0.01042133070121377 -0.01058977578408794 -0.01023725404754252 -0.00966476564318931 -0.009053771159182156 -0.008454304197529929 -0.007870894911221872 -0.007286650432181047 -0.006707050523489411 -0.006189137463281105 -0.005798797757316697 -0.005587466137535829 -0.005600260296408834 -0.005876585997347455 -0.006441055121708748
-0.004796319791862819 -0.005377892919347281 -0.005847158925307634 -0.006102968935919766 -0.006063715656869376 -0.005732001324173293 -0.005235197411671284 -0.004791255121326478 -0.004583499370902189 -0.004632437124787989 -0.004790215514611007 -0.004863732428296547 -0.004900878070569451 -0.004979857028327477 -0.005113659119339822 -0.005302535609725802 -0.005555554235603694 -0.005884244983656632 -0.006281870715690988 -0.006733670022083714 -0.007234539508145284 -0.00778786972125789 -0.008399455716245056 -0.009073449948890491 -0.009809819481611849 -0.0105981309868349 -0.01104177833381855 -0.010349199635605 -0.00964833293386233 -0.008985356917852572 -0.008358870253898008 -0.00776365087780477 -0.007196537181365235 -0.006667635181620606 -0.006202389717020185 -0.005826865216814629 -0.005565248300755638 -0.005456309060219832 -0.005548696397703282 -0.005880259442010011
-0.004775752666276341 -0.005591251790679236 -0.006336842937826236 -0.006826933993148869 -0.006862052910279179 -0.006366559709807478 -0.005502452978203884 -0.004657508622898855 -0.004222877629737054 -0.004211085642624943 -0.00442807896903908 -0.004268657265434211 -0.004161095987257037 -0.004187728825000917 -0.004332845692131347 -0.004571093833489151 -0.004884574492784621 -0.005264149641399818 -0.005702171574614112 -0.006192266635354105 -0.006732808671805871 -0.007325400555771754 -0.007971154300744004 -0.008667838682160475 -0.00940238821557856 -0.01011111182570862 -0.01042032225785403 -0.01000161003862601 -0.009402926106306817 -0.008795761901864804 -0.008206920874184488 -0.00764556482199209 -0.007122305326869423 -0.006653169902546538 -0.006252927203381251 -0.005915129856316724 -0.005617009416129554 -0.005398353781844945 -0.005342611103633776 -0.005509967735375251
-0.004627181884678047 -0.005730572893024477 -0.006879147729849253 -0.007777068008397295 -0.00799660119502265 -0.0072835217835606 -0.005847869480187569 -0.004307499021543718 -0.003677247878350075 -0.003629724420721604 -0.003644161469369439 -0.003490136020657203 -0.003348721030626591 -0.003376546944621521 -0.003569352314262059 -0.003872050145360108 -0.00424602753191216 -0.004672383653386951 -0.005142276716603084 -0.005653182519686793 -0.006207950805569143 -0.00680741952991681 -0.007444043717101299 -0.008101725799143509 -0.008741887839315406 -0.009267115582416049 -0.009495876526686729 -0.009345993354470266 -0.008966647378483815 -0.008495752655467447 -0.007995051225060362 -0.007497707651971892 -0.00703247349184366 -0.006628251353808245 -0.006308955469203046 -0.006060475727081863 -0.005730546960019584 -0.005391164414236167 -0.005213968594531004 -0.005253783369776277
-0.004197977950453326 -0.005599594372123581 -0.007293359036737973 -0.008910842014171243 -0.009590777304978287 -0.008606405387091412 -0.006510852076127172 -0.00410156223707376 -0.003358213479845884 -0.003149342356934162 -0.002932962216942461 -0.002672354689854321 -0.002475834856946226 -0.002547206856690402 -0.002836616446466989 -0.003220678894051719 -0.00365475856769644 -0.004120308516866705 -0.004609383896847757 -0.005121354952170622 -0.005667124471667714 -0.006251776461979518 -0.006853547424543541 -0.007449700063416127 -0.007998880537572358 -0.008430029615425789 -0.008659092591050004 -0.008652813447367236 -0.008456484075059247 -0.008135522596515506 -0.007739459809509856 -0.007312674974665919 -0.00690101254348777 -0.006545824984558919 -0.006280240991210422 -0.006123062862891941 -0.005768911899857322 -0.005356559908800105 -0.005110399474046526 -0.00505460134685377
-0.003322261190857323 -0.004900389437873333 -0.007158765276607172 -0.009861747183157847 -0.01173832932360452 -0.0100512635076216 -0.007363517786671929 -0.005045401564050527 -0.003650768630930862 -0.002922634893957464 -0.00242488914233055 -0.001996317705443861 -0.001607076304424929 -0.001792286697529878 -0.002198009548847607 -0.002652558124415179 -0.003134757904701732 -0.003626152559326155 -0.004119603546153407 -0.004616956161858275 -0.005134725269252478 -0.005686009761191737 -0.006238906020100445 -0.006773677101304651 -0.007257764719797881 -0.007646864411692093 -0.00789885083275025 -0.007995694995889747 -0.007946648180240899 -0.007764648874080432 -0.007463446307134008 -0.007090821074885415 -0.00671371761670015 -0.006380324362781926 -0.006110295684303935 -0.005874477968984021 -0.005577598714024228 -0.005253000224371682 -0.005010148293911474 -0.004896128894342464
-0.001921126398339461 -0.003333540599737055 -0.005880227633175084 -0.009145883384976988 -0.01190006516666543 -0.009948474586516161 -0.007364535008882185 -0.005223601089748578 -0.003700763783675155 -0.002709282620121919 -0.002040132350530848 -0.001554588396921769 -0.001258248942590377 -0.001347994626040315 -0.00171809748288547 -0.002199221741427747 -0.002709683137245442 -0.003207780980158427 -0.00368652737282027 -0.004156854658666991 -0.004635647892299873 -0.005129336903443024 -0.005625276945221545 -0.006104353996902005 -0.006542097104214571 -0.006911410750912547 -0.007190705704244533 -0.007371859609141454 -0.007455295056746577 -0.007414446365312691 -0.007182481002863339 -0.006827356189760506 -0.006465336790319947 -0.006143717671333027 -0.005870768974368484 -0.005626185270012039 -0.00537979949701059 -0.005137623732667788 -0.004933411275772636 -0.004792526385848213
-0.000270539298393338 -0.0008349345406412148 -0.00360422569700794 -0.00645593608882282 -0.008110985520198906 -0.007695349385386581 -0.006171927195593466 -0.004564826749565272 -0.003251665200985243 -0.002298848952089865 -0.001643149899520392 -0.00121374866561421 -0.0009981850943336645 -0.001035605549094418 -0.001355897639486875 -0.001869929287806674 -0.002398823301397408 -0.002877701734594736 -0.003312392890798953 -0.0037286966992068 -0.004148967455016916 -0.004581767345097004 -0.005020758957285178 -0.005450435084362812 -0.005851688269696849 -0.006206853820431759 -0.006504846271426473 -0.006745095126672235 -0.006937559695241451 -0.007084096286409044 -0.006862871657673651 -0.006488675073666898 -0.006146077749220463 -0.005850415754310723 -0.005602913814074378 -0.005394420600532635 -0.005213230918695369 -0.005053858491912713 -0.004909914147458266 -0.004768025371424553
0.0007820141351535317 0.000223909212018647 -0.001725360989870868 -0.003792806496920528 -0.005017199990658805 -0.005095858074120309 -0.004353417347436196 -0.003328936016724009 -0.002378286557773085 -0.00164554917564496 -0.001146230627231029 -0.0008511562311669524 -0.0007314949199332885 -0.0007541522867618514 -0.001070654547129894 -0.001696774309943284 -0.002224424524449327 -0.00263986184449376 -0.002988186503576289 -0.003320120252774894 -0.003666447556729693 -0.004036300586411124 -0.004422868841883573 -0.004810106811488857 -0.00517984506291741 -0.005518248814943116 -0.005817961673056177 -0.006077225531420729 -0.006295258947471551 -0.006434294841880284 -0.006307140945892541 -0.006025038208319563 -0.00574640025304219 -0.005503818388154478 -0.005307158112202212 -0.00515884758651727 -0.005058268036085844 -0.004999450559905052 -0.00495211510503649 -0.004840957157785656
0.001364467636720136 0.0007431766638928625 -0.0004236539707174331 -0.001701537262455442 -0.002552362727323981 -0.002753380190674261 -0.002414362781862481 -0.001819199152645716 -0.001232961086804492 -0.000796987955166889 -0.0005397168097972804 -0.0004477656162011276 -0.0005058247059683968 -0.0007107396461863286 -0.001150226347230721 -0.001747146153477833 -0.002198655795353714 -0.00247558666427225 -0.002683735350723318 -0.00290438742493588 -0.003169174589456932 -0.003480089919136988 -0.003823933775453245 -0.004178764007982987 -0.004521210021212221 -0.004838881669999226 -0.005125967506119596 -0.005374592348186685 -0.005568352431646956 -0.005666690516993967 -0.005621180403856285 -0.005466431731450391 -0.005280076731477328 -0.00510860559249221 -0.004975237067231259 -0.004893827326186782 -0.004875101425115873 -0.004926270753623643 -0.005030618428923158 -0.005018158052478041
0.001976755765012904 0.001480644601549654 0.0007458528937229689 -2.618338775562529e-005 -0.0005720121454266883 -0.000747043650636707 -0.0005787233360321775 -0.000235489688156211 4.912272689151787e-005 0.0001645143876501873 0.0001419495595518239 4.0834514737631e-007 -0.0002714613508984151 -0.0007034123395821892 -0.001315875727021708 -0.001963642046699014 -0.002280480449960529 -0.002311561036344931 -0.00233279551707815 -0.002435955654575966 -0.002628943644216453 -0.002895626494262248 -0.003213281618005097 -0.00355312329303234 -0.003872987467017957 -0.004168978337049479 -0.004440092818876681 -0.004673278290952328 -0.004850245201838865 -0.004947933940337781 -0.004952858906276277 -0.004883062758857706 -0.004778604767973888 -0.004676433380729345 -0.004603044891473698 -0.004577837735032415 -0.004617105741707941 -0.004736216063632205 -0.004948791402926558 -0.005123892558488094
0.002660479666705587 0.002298051233324966 0.001834517525277225 0.001374211895890945 0.001045785700970692 0.0009305620301542014 0.001041981572771439 0.001302425165374509 0.00136117898299034 0.001127043754032706 0.000837666904374347 0.0004935705328074982 5.569191893203124e-005 -0.0005210287551395965 -0.001275187000184405 -0.002189377768775862 -0.00228173489011043 -0.001970350747468895 -0.001833404653215708 -0.001861640543759556 -0.002018740766753673 -0.002267387979271476 -0.002576267729845823 -0.002917589931491535 -0.003224327083016357 -0.003510364348438943 -0.003774116169106934 -0.004000373851426941 -0.004174275765886939 -0.004283639127167588 -0.004325607906329809 -0.004312725291484819 -0.004269460061964173 -0.004222659826315332 -0.004195495034964705 -0.004206035703198802 -0.00426661898709934 -0.004378969572193307 -0.004510072522647894 -0.0045122205455406
0.003353703102214244 0.00310434697821136 0.002818205991229249 0.002555161480687677 0.002372572259708723 0.002283864063580783 0.002318775962413547 0.002491005866885318 0.002385489298807636 0.001919174449590749 0.001470314476670669 0.001010388176214037 0.0004992972059275139 -9.431923431756084e-005 -0.0007762980313447548 -0.001431148788500904 -0.001507890055647651 -0.001238341504755526 -0.001105828392657798 -0.001153056605115291 -0.001331168959383809 -0.001595088171568282 -0.001911052384679399 -0.002247136868359562 -0.0025707307721052 -0.002870306948235882 -0.00314051699527914 -0.003370777838310631 -0.003551016665861332 -0.003675463747829268 -0.003745641893820973 -0.003771830602089295 -0.003771165910021669 -0.003763316487793541 -0.003766465754728346 -0.003794403038055845 -0.003853080270220684 -0.00393350180100251 -0.00399831179421176 -0.00397965144817097
0.004006484715528787 0.003842993417758719 0.003667195200301454 0.003521913050510056 0.003448676292147901 0.003325828869914671 0.003203042480290456 0.003112613291928183 0.002878284570869 0.002462808029794983 0.001996029905346697 0.001517555512408113 0.001019357162375126 0.0005049787187287949 1.901651972272683e-005 -0.0003122093670244741 -0.0003357652775403466 -0.0001867303212762586 -0.0001823708512159183 -0.00034315676486045 -0.0005934974821741185 -0.0009015032423090041 -0.001244410067180832 -0.001598981188619494 -0.001943982293361853 -0.002265003195638479 -0.002551666006812871 -0.002794237453451049 -0.002985870757222005 -0.003125168278279356 -0.003216515121465039 -0.003269339140190116 -0.003296812474346877 -0.003313796959323791 -0.003334340244368794 -0.003368877274888472 -0.003420670259786481 -0.003481245657014031 -0.003527504831860893 -0.003529982935573509
0.004590877012720596 0.004485185507731714 0.004362558178191978 0.004250066042422146 0.004166610880509257 0.004009121099308281 0.003797138636939673 0.003569418655126985 0.003263456348336136 0.002861230432811335 0.002427659737393138 0.001989785096118447 0.001546080148917897 0.001129283574058587 0.0008001094909559844 0.0006434559482689159 0.0007235049416085826 0.0009744022770589791 0.0007710614481780398 0.0004656139472716536 0.0001370068722486156 -0.0002233115734838545 -0.0006042256896442583 -0.0009887833092965571 -0.001361352372478572 -0.001708774699424528 -0.002018466278415135 -0.002278449977916913 -0.002482803271851304 -0.002634469348074878 -0.002741018609535958 -0.002811596289417455 -0.002856689149129559 -0.002887875015446934 -0.002916665650108678 -0.002952484302961713 -0.00299987456317654 -0.003055789340734312 -0.003109629507913422 -0.003149194892996442
0.005091133096385939 0.005020558016451966 0.00490870612082394 0.004772327585735425 0.004629017532772797 0.00444313872081404 0.004207446948966076 0.003929420883520954 0.003596633367750311 0.003205438819258021 0.002810286547490867 0.002417282612094042 0.002020749866222076 0.001670430472618473 0.001429269598758859 0.001349022200289825 0.001440125070577426 0.001583175537823681 0.001450752928143166 0.001160617562975572 0.0008049067539316543 0.0004038927424484043 -1.446101514517711e-005 -0.0004305404878691861 -0.0008322617320327443 -0.001209489896785581 -0.001548432134849068 -0.001829335835242425 -0.002043745377582455 -0.002203587057435473 -0.002320916417116483 -0.002403671819144863 -0.002459475493908982 -0.002497314960472456 -0.002527534014371082 -0.002560733283655733 -0.002605452034564554 -0.002665150218750245 -0.002737325358853553 -0.002817590120400698
0.005496348925395814 0.00541924083058961 0.005304406635403887 0.005154733016604893 0.004979541046538229 0.004767623955250142 0.004512901655083404 0.004216996724788827 0.003883585918047196 0.003525246574159008 0.003163573342153031 0.002791786496494662 0.002405025142664788 0.002072169573394282 0.001865204986062512 0.001807404100485077 0.00186741955187502 0.001945780807952553 0.001919724113965023 0.00173927556613275 0.001387971798981626 0.0009528250603944924 0.0005047930142601451 6.496489285381241e-005 -0.0003601204892775996 -0.0007658302148569988 -0.001142233824288661 -0.001449912085628946 -0.001664141721800665 -0.001828881625287517 -0.001956514350922048 -0.002050002651060305 -0.002113196927225107 -0.002152637631217595 -0.002178196199447643 -0.002203263371610538 -0.002242991784135614 -0.002308400501817791 -0.002400721837964956 -0.002515329790411584
0.005807981337633016 0.005720873314365889 0.00560039321285221 0.005443981156099557 0.005252122830355505 0.005021907819691855 0.004751656081159121 0.004444611739557076 0.004110346514339475 0.003767494130049044 0.003439540246790274 0.003102317839380246 0.002662624197716512 0.002299520104066304 0.002106375727079966 0.002070265418208525 0.002134780885494937 0.002226478254376524 0.002287493749145948 0.002264980317338843 0.001858997699602225 0.001394335202933514 0.0009374991076411404 0.0004920851215692718 5.805872266990975e-005 -0.0003634274780601882 -0.0007687331729843948 -0.001109057950630897 -0.001322580443354985 -0.001502781969160309 -0.00164776215631195 -0.001755431475691745 -0.0018264233607234 -0.001864929422441927 -0.001879931539737319 -0.001887835153527726 -0.001914499298297546 -0.001984121731076087 -0.002096584486262772 -0.002235502478812174
