examples_in_prep/malm_models/XYObs_real_f_m3_grd6.grd
DSAA
100 100
284213.5 284354.44
5036149 5036264.28
-0.033889712426096 0.0060848358667751
[rows 54 to 71 of 100, columns 40 to 79 of 100]
0.002954813388825667 0.002637891317404884 0.00225125722739278 0.001877322084149184 0.001610904909064294 0.001509131256775068 0.001597896710652918 0.001859134587505342 0.001847032633885663 0.001462581519481244 0.001086068877764783 0.0006819447426724983 0.0002041237972467076 -0.0003918256080159523 -0.00114227766792725 -0.002054688727655441 -0.002102549459080822 -0.001762552808089691 -0.001620355419612929 -0.001653047992597296 -0.001813098595305203 -0.002056652340207226 -0.002350234901145245 -0.002671012220737469 -0.003012514226742038 -0.003347656599657728 -0.003653298681248844 -0.003916309023378055 -0.004126734705445827 -0.004278282651397968 -0.004371107953019062 -0.00441403069811887 -0.004422746768104154 -0.004415195662860812 -0.004407769498582148 -0.004413357349518896 -0.004440191528110288 -0.00449026500022625 -0.004555248440424668 -0.004610375073939714
0.003516656030555377 0.003284352211790977 0.00302261374890414 0.002787235666942972 0.00262683923891267 0.002531379477490936 0.002533169928692894 0.002645371565156135 0.002506135340211223 0.002044780832633182 0.001580167145089555 0.001107577978449546 0.0005936020729323332 1.397753523405644e-005 -0.0006240979224729858 -0.001188712938804284 -0.001272411343572849 -0.001057888351934873 -0.0009617719512593982 -0.001037626247043022 -0.001232582646595064 -0.001501660947292468 -0.001815032866887685 -0.002152637818793864 -0.002500076271034821 -0.002838460190514771 -0.003149220641291208 -0.003419360334259083 -0.003640189729669765 -0.003807358240748562 -0.003921941873758888 -0.003991058200148528 -0.004026726441857322 -0.004043298398670793 -0.00405482581937636 -0.004073013485112052 -0.004105486496742724 -0.004153896600997587 -0.004211928226940255 -0.004266781960074107
0.004045429050929009 0.003878979490442725 0.003698878730262258 0.003549742143990575 0.003477410922027015 0.003345370297362026 0.003210523099970798 0.003114127723063232 0.002879823027832598 0.002467674173788804 0.002001998219801044 0.001523010900439823 0.001025674189440169 0.0005152544569454236 3.665323429327466e-005 -0.0002871752705243985 -0.000311606150433833 -0.0001723158532087432 -0.0001864764633482336 -0.0003648720837859862 -0.0006259598919153404 -0.0009383616059544312 -0.001282730753759798 -0.001642811291216768 -0.002004191217792709 -0.002351793195422786 -0.002671023156662125 -0.002950352909011952 -0.003182241396031822 -0.003363545145577195 -0.003495707624141289 -0.003584637543811372 -0.003639973269236319 -0.003673652192994135 -0.003698139308298794 -0.003724563816251022 -0.003760745440216744 -0.003809286110549132 -0.003866747183036136 -0.003926179194445937
0.004525669969615688 0.004406550446070453 0.004268649562844189 0.004144699523224803 0.004066849928390202 0.00390378084403381 0.003690513621468803 0.003478476221819515 0.003188588445085023 0.00279705709512552 0.00236191725094604 0.001914633271036611 0.001461076955935679 0.001030399334314854 0.0006817909308699878 0.0005051090100272962 0.0005709288076862617 0.000784561636078071 0.0006089603583010507 0.0003052064782658833 -2.488629451812105e-005 -0.00038451920220419 -0.0007641265947023225 -0.001150139647814362 -0.001529819505731893 -0.001890957253986839 -0.002221719264824432 -0.002511934061302889 -0.002755010372226784 -0.002948848650958018 -0.003095162832924417 -0.003198881433620329 -0.003267892039366046 -0.003312486182451968 -0.003344323376221562 -0.003374858468110322 -0.00341315367247462 -0.003463544280483495 -0.003524688080324487 -0.003591700341638324
0.004945375557057977 0.004859789857717104 0.00473192000734964 0.004584501393750481 0.004444793850006288 0.004260997654967383 0.004029960488445859 0.003769343657060633 0.003455557310074085 0.003075821485640664 0.002678950226492598 0.002275323001559343 0.001866649420596677 0.001498923922731041 0.001234838013000224 0.001137146288237531 0.001236948813893293 0.001444269916873613 0.001239500896291297 0.000905943346975544 0.0005397098524598108 0.0001412529265488861 -0.0002719866085545178 -0.0006838607163430351 -0.001082964818531608 -0.001459707765121207 -0.001804218068867223 -0.002106554036631782 -0.00236045581172321 -0.002565297472782767 -0.002723160860208795 -0.002837889260722572 -0.002915760263721542 -0.002965806883999698 -0.002999533190076699 -0.003029778516175263 -0.003068194816769585 -0.003121634936183846 -0.003189899981421563 -0.003267532087788939
0.005291561436024628 0.005211871763309094 0.005077821680389758 0.004905562284448757 0.004728223836112654 0.004521859619223057 0.004278142645007785 0.004000488227665864 0.003685335646817672 0.003335392940172252 0.002973812422028036 0.00260085208807503 0.002219413682804038 0.001885201873945614 0.001664975716131148 0.001597587573984411 0.001669812181006291 0.001761308786843143 0.001673436613679332 0.0014188171151514 0.001051812532052461 0.0006234173121203369 0.0001813458491151561 -0.000252571741675463 -0.000668918340952596 -0.001061041868941302 -0.001420852046535877 -0.001736347049212109 -0.001999975462446253 -0.002214640752446636 -0.002382594164329477 -0.002505942883047978 -0.002589096963753044 -0.002639831577440686 -0.002669844406359953 -0.00269448798655474 -0.002730027828070275 -0.002787360868803777 -0.002866545963664093 -0.002958947169079916
0.005557576691604919 0.005451942123671787 0.005310891367418772 0.005135753408911073 0.004939954869030943 0.004717583216436273 0.00446394640934202 0.004180774195490028 0.003872905953181842 0.003551524812902716 0.003229108466188103 0.002885498476085171 0.002502204111495368 0.002167884720380074 0.001965236320823891 0.00191052678796895 0.001965210863954783 0.002038867232006099 0.002031867686428673 0.001876099424703009 0.001506446779894197 0.001047422125390442 0.0005846406933286168 0.0001368078938147001 -0.0002911853412503872 -0.0006958431211637943 -0.001071824894262132 -0.001402493154404239 -0.001673286696584899 -0.001898038124533671 -0.002076376596063046 -0.002207656573280908 -0.002294020542077019 -0.002341603341225784 -0.002362038104451849 -0.002374052386823445 -0.002401820189632995 -0.002463858415939067 -0.002559268126948365 -0.002672155593672598
0.005744941863998513 0.005624987030390473 0.00547753640105789 0.005299919555262087 0.005095398207703335 0.004863133208353727 0.004602119379556495 0.004315400212354208 0.004011509869098377 0.003706817933258809 0.003422398484626559 0.003127459537949175 0.002690364875163284 0.002327532058403774 0.002137841662211561 0.00210428542663023 0.002168189089303173 0.002257424959110837 0.002318071211515587 0.002311291947554818 0.001874075704106632 0.001394661193694277 0.0009290173598375873 0.0004803218262521721 4.913724338269306e-005 -0.0003624081540831861 -0.000749687801290244 -0.001094750902262472 -0.001377418259472684 -0.00161630960041411 -0.001807550565429741 -0.001948046468195332 -0.002037510140527729 -0.002079748139283651 -0.002085013768215432 -0.00207477999073892 -0.002086054484787337 -0.002154200166024633 -0.002274335323088994 -0.002414499040459206
0.005861516140963424 0.005743380832944321 0.005595091231368097 0.005416269844196896 0.005207689942400942 0.004969560648981707 0.004702515370295016 0.004409965099604388 0.004100113567235077 0.003788476918341855 0.003500841218423562 0.003251968402279765 0.002718665522166152 0.002343389952400707 0.002190303887554438 0.002204260030291665 0.002299945879244392 0.002406502916473994 0.00247602288434895 0.002428720136781874 0.002089267606969774 0.001652979974048137 0.001212561784345193 0.0007787200327487595 0.0003534878321506232 -5.897856698412784e-005 -0.0004503977188818075 -0.0008053335098334412 -0.001111911404381575 -0.001371009259473036 -0.001579370160210992 -0.001732353039879945 -0.001827298843586123 -0.00186503253090781 -0.001852072672321902 -0.001807785349596169 -0.001785137176218161 -0.001863376661261291 -0.002022912236558217 -0.002195727754790985
0.005927508678988122 0.005818803024496545 0.00567461908192157 0.005497293815332277 0.005287792772313608 0.005046624319683689 0.004774550328823723 0.004473682818094482 0.004148315434953393 0.003804852894978884 0.003446743020636221 0.003040006964777861 0.002553383504193865 0.002213299329787997 0.002143961775911266 0.002244612958543764 0.002390113600319174 0.002508669964567599 0.002554471592358202 0.002467616042789637 0.002203879002878872 0.001838892140991044 0.001444959872082915 0.00103867146747303 0.0006259855262532841 0.0002154102230933809 -0.0001814918813877261 -0.0005507676331325251 -0.0008807669893689924 -0.001164442653866726 -0.001394948296505051 -0.001565426720746781 -0.001670995353220049 -0.001709686536612346 -0.001682979428041826 -0.00159920372888319 -0.001505040715244677 -0.001608762157453723 -0.001827794507558643 -0.002029044604918913
0.005961860716059518 0.005863554679724692 0.005726069925853478 0.005552712919378006 0.005344959118045599 0.005103407950250469 0.004828276292157858 0.004519604881969131 0.004176675604561663 0.003795525150649773 0.00336255209736267 0.002851632620846192 0.002296937218187508 0.001965370124533075 0.002050349631580746 0.002280444998922911 0.002482434147142531 0.002606821793805398 0.002631036575659701 0.002530072474592735 0.002296403949912242 0.001985162813631534 0.001645739379395178 0.001271993004105577 0.0008733808713468133 0.0004637234285491511 5.780362854091299e-005 -0.0003296529412617353 -0.0006854316804121745 -0.0009980440890763429 -0.001256438586196959 -0.001450725360874417 -0.00157428150316505 -0.001624047030505081 -0.001599619259639802 -0.001503216316094161 -0.001344913618028034 -0.001479529872955208 -0.001724447131212133 -0.001927308661888233
0.005976915895601009 0.005888029980315087 0.005758159498007081 0.005590585378585062 0.005387025545361537 0.005148100200029897 0.004873513460568478 0.004561747091054629 0.004208816380804866 0.003805400484348276 0.003332532426429201 0.002762681714856333 0.002088996893828016 0.001643685596461064 0.002029499678918737 0.002391065778602635 0.002624840576639254 0.002736710514799212 0.002736707701886075 0.002625555794597362 0.002405197055899127 0.002127944555406518 0.00183922235948077 0.001492509706817369 0.001103737898476817 0.0006908999184920357 0.0002715738220377552 -0.0001383189876899491 -0.000524108077432695 -0.0008712417204710671 -0.001164278445972584 -0.001389319560541033 -0.00153887296519491 -0.001611399519865582 -0.001609757186806887 -0.001547272752471835 -0.00148084228011704 -0.001554946967881137 -0.001726464978360981 -0.001893046437059094
0.005980968667298714 0.005900137916210337 0.005777978627611742 0.005617458138240947 0.005420357222270909 0.005187406112913573 0.004918278201073776 0.004611209872040287 0.00426201990498511 0.00386249407418801 0.003399207379212765 0.002856833394762064 0.002238437253823545 0.001865833860954392 0.002286138533202406 0.0026512495072727 0.002850307909722552 0.00291443817666138 0.00287756265211336 0.002755057059281837 0.002557526326770712 0.002315995460261331 0.002043056071540416 0.001711152632867827 0.001324000776180953 0.0009020314316329715 0.0004646583795463826 2.806245442250096e-005 -0.0003925984883380544 -0.0007810036943152374 -0.001116844375674417 -0.001379292524919752 -0.001561507277119874 -0.001665992411366842 -0.001699248019760382 -0.001681575326280355 -0.001662429624932619 -0.001704152460974035 -0.001802476436180845 -0.00191402715696023
0.005979850365092229 0.005905626611735556 0.005790912370993087 0.005638327124178946 0.005449688649974672 0.005226027469588843 0.004967582511781682 0.004673685485751633 0.004342607513712979 0.003971931171651334 0.003561415270388758 0.003124330292500261 0.002728511774100802 0.00259490524403173 0.002826838185477557 0.003070677704766213 0.003156428733809018 0.00313117568878833 0.00304198660460937 0.002903703107176528 0.002722697437406255 0.002508766786890985 0.002256345672616015 0.001932646445741299 0.001537487755986654 0.001100816912160649 0.0006418440700698785 0.0001752689938630715 -0.0002843214334968036 -0.0007207945696091564 -0.00111034864073115 -0.001415009546937785 -0.001634280702681725 -0.001776674026057262 -0.001847095195469255 -0.001863559461820154 -0.001861149246426634 -0.001875949624706974 -0.001916886198635749 -0.001971332039024477
0.005977465489428234 0.005908455495298436 0.005800757160981203 0.005656669328232403 0.00547808635064246 0.005266510298199014 0.00502316682496967 0.004749273092072411 0.004446744207765791 0.004120172954570982 0.003782095092561563 0.00346565251995931 0.003248080290131994 0.003248429263862578 0.003466435514983348 0.003590821660769239 0.003495468015928161 0.003352748767602803 0.003205660513475859 0.003050167739866172 0.002878922258938149 0.002688633584732677 0.002470347303059832 0.00215375778208834 0.001741518603007492 0.001289088517292801 0.0008076496486346767 0.000309683057012873 -0.0001905577272185887 -0.0006777952023793287 -0.001135063438282878 -0.001482058892491788 -0.001745904912930641 -0.001932126108991128 -0.002038090893843038 -0.002076356213461047 -0.002073506854318476 -0.002058523443300978 -0.002048518196883396 -0.002047600981190893
0.005976115150388702 0.005911109713892101 0.005809929687564922 0.00567459683568564 0.005507113548576699 0.005309515995181147 0.005084123536466189 0.004834103415802426 0.00456468009643679 0.004285688150688081 0.004016631497323613 0.003795119127438305 0.003684385208478512 0.003758720960911712 0.004045609171730983 0.004092831621237207 0.003771027038307411 0.00352904498649252 0.003340667770900072 0.003176223018474316 0.00301393866532403 0.002840333604401179 0.002642043522064919 0.0023384139150691 0.001928865252839928 0.001468538946837294 0.0009666235470263071 0.0004376277566042819 -0.0001026320287889159 -0.0006368151685832771 -0.001138302829656782 -0.001556900668119507 -0.001886218650834993 -0.002124363491798406 -0.002264141336420267 -0.002313569007418794 -0.002297066408217116 -0.00224553440175699 -0.00218433865091301 -0.002128721977772898
0.005976856308017294 0.005914905179017332 0.005819724817370322 0.005693108346656291 0.005537158028982917 0.005354376777624096 0.005147992685175878 0.004922632320871184 0.004685578029864065 0.004448958428433165 0.004233084764030395 0.004069951584914156 0.004002115378065668 0.004066332594035302 0.004240081192329931 0.004198215583384773 0.003882796405302033 0.003619916895943424 0.003427697346102094 0.003271820594733215 0.00312300159091737 0.002960809766611035 0.002761011223270261 0.00248021742866134 0.002102807604702198 0.0016438787569038 0.001123518690140863 0.0005647811903545181 -1.420867011967561e-005 -0.0005947392355783286 -0.001149739449540711 -0.001644021250366968 -0.00205134943005277 -0.002349786199198399 -0.002522191014023329 -0.002572269604085259 -0.002528308533721752 -0.002430203697143737 -0.00231354611972233 -0.00220240558174772
0.00597987591587752 0.00592029258728404 0.00583059377246109 0.005712387633878911 0.005567828586259145 0.005399723894608968 0.005211854044800198 0.005009575959911151 0.004800800607626105 0.004597360658413995 0.004416382500843594 0.004280107885241471 0.004210266855839968 0.004209841451278629 0.004220964504929984 0.004100620901488764 0.003846575764461977 0.003622288108604112 0.003466106224969327 0.003338282108854149 0.003210063859559346 0.003062122195165144 0.0028741114929436 0.002621654639189818 0.002279258035480859 0.001821571342940791 0.001281998597726254 0.0006961936542771292 8.058722486401455e-005 -0.0005485039880141376 -0.001167377492829408 -0.001743732723987937 -0.002238777369870488 -0.002607577143292592 -0.002812216278468103 -0.002849924149850947 -0.002760926737981203 -0.002602912793346359 -0.002424430200122071 -0.002256587260230977
