examples_in_prep/malm_models/XYObs_real_f_m3_grd6.grd
DSAA
100 100
284213.5 284354.44
5036149 5036264.28
-0.033889712426096 0.0060848358667751
[rows 18 to 35 of 100, columns 0 to 39 of 100]
-0.009517572073994212 -0.00959035785979631 -0.009661915518295322 -0.009730490284643583 -0.00979402569959466 -0.009850206048035265 -0.009896551411593287 -0.009930588153342157 -0.009950118806607823 -0.0099536090413231 -0.009940691059074063 -0.009912750234955369 -0.009873518269243365 -0.009829548025848539 -0.009790392632538211 -0.009768245322324159 -0.00977673853103401 -0.009828684883811431 -0.009932985242757826 -0.01009164067404117 -0.01029799745754177 -0.01053631439057243 -0.01078137719490205 -0.01099796911096953 -0.01114694187946325 -0.01120662293659994 -0.01118638500905923 -0.01110936740123973 -0.01099664118941057 -0.01087441899127187 -0.01085999893142103 -0.01118145620576687 -0.0116094039676536 -0.01204353762921297 -0.01246906005784393 -0.01288075485765766 -0.01327751636954357 -0.01366644265786087 -0.01406877317457262 -0.0145256101389455
-0.009283072228286261 -0.009358299837060652 -0.009432750916855458 -0.009504472085045677 -0.009571102512915526 -0.009629889790283432 -0.009677760442454518 -0.00971147692165163 -0.009727919599790658 -0.009724530656688137 -0.00969993826916676 -0.009654738088481284 -0.009592349674281553 -0.009519804946798405 -0.009448266865497589 -0.009392973547026189 -0.009372105438439768 -0.009403957721975288 -0.009502386744204098 -0.009672121634903611 -0.009906518480298748 -0.01018820925937002 -0.01048914586507694 -0.01076507974790466 -0.0109525288863031 -0.01101363000107383 -0.01097924684902857 -0.01089432959715067 -0.01079134600948261 -0.01071228956355714 -0.01074420255976684 -0.01096028355211539 -0.01129121267117937 -0.0116599933662546 -0.01203590737473929 -0.01240700071387958 -0.01276914890952909 -0.01312530818709122 -0.01348866086569537 -0.01389598461734175
-0.009048938526074373 -0.009127400674220802 -0.009205783316092672 -0.009281963977246927 -0.009353296499881716 -0.009416588433151204 -0.009468129027950325 -0.009503808996261652 -0.00951938876583925 -0.009510980281799291 -0.009475793299321182 -0.009413144283803413 -0.009325638646114971 -0.009220357579944693 -0.009109846737979316 -0.009012623861371045 -0.008952530790710189 -0.008955537321334689 -0.009042889725576014 -0.00922298047803956 -0.009488129388194067 -0.009818458670071469 -0.01018607676291365 -0.01054631488709124 -0.01079540506308701 -0.01084410728454521 -0.01078906496745592 -0.01070234892152129 -0.01061549037219791 -0.01056482818355236 -0.01060151186194552 -0.01075709447865152 -0.01100716286379642 -0.01130806344840415 -0.01163042231811172 -0.01195835505991282 -0.01228397658284549 -0.01260533859333362 -0.01292594720476539 -0.01325651679043013
-0.008814656122870097 -0.008897127022021584 -0.008980496571032805 -0.009062521689068641 -0.009140315925461474 -0.009210276181666258 -0.009268046880908638 -0.009308570361709954 -0.009326300497253167 -0.009315683702209178 -0.009272013432563514 -0.009192700351011818 -0.00907885603622738 -0.008936952009981682 -0.008780348459291985 -0.008630623618055664 -0.00851820839846616 -0.008479857679503567 -0.008548552242849051 -0.008737734455486214 -0.00903516814775444 -0.009413921022527489 -0.009845889353887596 -0.0103041799574252 -0.01067315098368287 -0.01065624454877385 -0.01058447597983276 -0.01050689544188724 -0.01043777770401029 -0.01040176569516044 -0.01043024604496455 -0.01054228925723664 -0.01073039207454263 -0.01097155438354362 -0.01124368977246367 -0.01153083763806143 -0.01182293906809121 -0.01211561506307427 -0.01241109120542015 -0.01272766039424706
-0.008579585496276382 -0.008666780057969399 -0.008756159567776558 -0.008845428744758119 -0.008931536460399724 -0.009010541464151346 -0.009077490361488978 -0.00912635907390192 -0.009150152182713894 -0.00914131309821299 -0.00909264315885636 -0.008998871210309595 -0.008858763047381172 -0.008677338746202318 -0.008467845477137213 -0.008253864445441029 -0.008072281190059304 -0.007974566364396949 -0.0080141476909229 -0.008212819834990474 -0.008545332241327653 -0.008967487767311185 -0.00944192099152452 -0.009937025652259929 -0.0103315103179544 -0.01036878880153425 -0.01033570972847747 -0.01028896231746818 -0.01024153767515486 -0.01021330608925034 -0.01022868127204558 -0.01030508879043145 -0.0104445401414185 -0.01063648922776322 -0.01086586954990334 -0.0111182699197582 -0.01138273172600641 -0.01165450864271325 -0.01193950055704306 -0.01226714758231973
-0.008342970147786915 -0.008435497107691902 -0.008531815825613198 -0.008629665063474571 -0.008725936675734724 -0.00881647489673283 -0.008895848992061646 -0.008957143656494849 -0.008991865528216358 -0.008990164378101812 -0.008941708518344202 -0.008837585325395709 -0.008673193210848206 -0.008451256133606085 -0.008183929890258474 -0.007894742591835948 -0.007623964272006767 -0.007440141711272891 -0.007435673768332186 -0.007651004054237624 -0.008027207797075999 -0.008487825639053294 -0.008981256586846568 -0.00945766180326145 -0.009819268103576175 -0.00998630151647097 -0.01003991844156276 -0.01004344511293776 -0.01002133108385543 -0.009996295976139385 -0.009994858312639349 -0.01003903769055688 -0.01013870620941424 -0.01029142356027597 -0.01048739051438797 -0.01071331012950386 -0.01095685732470591 -0.01121231885187128 -0.01148542398959856 -0.01179884449421338
-0.008103956703129876 -0.008202269691551819 -0.008306293249785001 -0.008413897663177006 -0.008522053563985133 -0.008626567414125321 -0.008721738830662424 -0.008799966655078916 -0.008851377019581745 -0.008863674660384419 -0.008822725589410449 -0.008714731715622093 -0.008530425670716643 -0.008269679317451444 -0.007943473399983242 -0.007573365547499268 -0.007195340933148782 -0.006885277313361271 -0.006810797463369635 -0.00706899155737649 -0.007505500967956645 -0.008000066576735274 -0.008501100669881662 -0.008965678568762209 -0.009337678812856746 -0.00958181683531383 -0.00971835398132672 -0.009777317040532887 -0.009779062585610676 -0.009750091128198659 -0.009725739756351699 -0.009737701823060972 -0.009803708109005049 -0.009926399221985688 -0.01009941356458354 -0.01030878587303487 -0.01053858269713745 -0.01078021156172215 -0.01103536837293293 -0.01131792133805205
-0.007861629885511104 -0.007965983182494061 -0.00807824306560395 -0.008196507525534805 -0.008317978564299113 -0.008438646331098787 -0.008552834422541171 -0.008652615086879652 -0.00872710515179761 -0.008761724614373606 -0.008737972738882821 -0.008635429655321441 -0.008438099800168816 -0.008142891814025435 -0.007762003798909698 -0.007316815513235561 -0.006832661356886196 -0.006353573719658802 -0.006142244104843554 -0.006521606397035406 -0.007023923955987499 -0.007535979207631908 -0.008033630841082058 -0.008492479535466321 -0.008882660706950457 -0.009183325728193532 -0.009390331445869392 -0.009501776381566312 -0.009519790683425247 -0.009473529895262008 -0.009415453371827687 -0.009392398159758141 -0.00942984482389426 -0.009532930396946094 -0.00969490183724109 -0.009898659303749467 -0.01012317786579105 -0.01035433861997232 -0.01058786239782319 -0.01083078204859265
-0.007615063563547995 -0.007725482488125128 -0.007846217183843676 -0.007975668447293333 -0.008111419576834518 -0.008249889947222254 -0.008385778528097276 -0.008511320899762045 -0.008615308389485096 -0.008681629060337519 -0.008687396159732129 -0.00860313576350019 -0.008401867926217013 -0.008077340737085503 -0.007649525482724823 -0.00714856587524003 -0.006600623407786117 -0.006028057076089417 -0.005675723252720047 -0.006138394312048713 -0.006632246674938294 -0.007120484672476118 -0.007594418891331194 -0.008040923378968615 -0.008444105423369819 -0.008789986040560773 -0.009062072431739322 -0.009226119384535873 -0.009247896134558474 -0.009160909526820088 -0.009052472820596449 -0.008990319868176821 -0.009005063835902206 -0.009100983199107838 -0.009266211800820278 -0.009477859158963613 -0.00970852502606229 -0.009935502721852219 -0.01014747189309604 -0.0103469777065035
-0.007363386680632297 -0.007479666138046162 -0.007608792112473816 -0.007749493272504549 -0.007899855300849934 -0.008056969999260821 -0.008216263222322745 -0.008370635481335688 -0.008509448597288503 -0.008616678793701878 -0.008666715652728018 -0.008618553408393438 -0.008424242376036201 -0.008071893761334938 -0.007602671586377684 -0.00706872718269665 -0.006515066532490097 -0.006012041899044456 -0.005776722448031996 -0.005973336350060863 -0.00634443272608741 -0.00675926047948427 -0.007183815116716253 -0.007602711422598654 -0.008005574750181398 -0.008384581962610965 -0.008722844904057165 -0.008954832548159025 -0.008962894928740074 -0.008794695513879562 -0.008615955921956178 -0.00851350272592085 -0.008514543379049604 -0.008617563623455666 -0.008803727829478284 -0.009042005523490933 -0.009294858959740238 -0.009527860927790175 -0.009721524336674793 -0.009876988826161561
-0.007105858935908474 -0.007227607424897891 -0.007364745103248112 -0.007516260357722494 -0.007680801618506854 -0.007856363738273102 -0.008039396886800916 -0.00822374233644128 -0.008399962643629815 -0.008554294501727568 -0.008663488601164889 -0.008677414199240336 -0.008503938909326839 -0.008113361704198093 -0.00760007661141862 -0.007047172487858771 -0.006512192616965961 -0.006072106436039765 -0.005847444676205743 -0.005895175550605042 -0.006123274789969637 -0.006437104692180643 -0.006791014151789739 -0.007163862581711034 -0.007545801099187301 -0.00793502606315793 -0.008330825711460205 -0.008678952159447381 -0.008643951672312447 -0.008330780232583299 -0.008073721068044968 -0.007940178336726429 -0.007942383680325127 -0.008070715258999762 -0.008299083129690929 -0.008587310267121787 -0.008884216399566632 -0.009137920184415498 -0.009317956685391293 -0.009429397059983028
-0.006841944944350152 -0.006968694811123953 -0.007113284850885348 -0.007274731712217522 -0.007452197082051569 -0.007644839039829007 -0.007850430053313528 -0.00806354307284571 -0.008275372374144344 -0.008475174126734604 -0.008649121872601128 -0.008760432081774388 -0.008633979048161563 -0.008166163526452996 -0.007603379373351652 -0.007039783686784704 -0.006522453952706436 -0.006108862028689641 -0.005864150509723302 -0.005814219175415951 -0.005921207704088537 -0.006129748181171678 -0.006400758215604204 -0.006710398134033791 -0.007045502187659713 -0.007403927220871945 -0.007794895545158065 -0.008235331975425328 -0.008126191003172552 -0.00768949087084245 -0.007390256416442401 -0.007250154487344679 -0.00727429440708895 -0.007449144346244563 -0.007743368114270057 -0.00810898172241782 -0.008479242047002117 -0.008773971789122037 -0.00894309000019422 -0.009006918194392219
-0.006571366543893128 -0.006702772182334473 -0.006854333352987954 -0.007024581986190627 -0.00721291307837391 -0.007420048061879575 -0.007645756446947343 -0.00788463960298302 -0.008125842805938954 -0.008358064203863603 -0.008573947716794808 -0.008771365594403141 -0.008741680907389882 -0.008151194520418889 -0.007566325263702836 -0.007007754075007434 -0.006505582690671597 -0.006099127629326335 -0.005826093626023771 -0.005701091990742802 -0.005707691274300345 -0.005816395855614161 -0.006000306468683893 -0.006234526882705667 -0.006497988739829541 -0.006778067999592357 -0.007062667121631012 -0.007283228501107354 -0.007173741540919393 -0.006828089834957495 -0.006549881124258508 -0.006432740764194189 -0.006500806924237852 -0.006743470363969266 -0.007126257166641063 -0.007597393521802287 -0.008079516553483655 -0.008445920311844594 -0.008597491885410995 -0.008601658496362507
-0.006294101214871766 -0.006430237900917229 -0.00658883711335675 -0.006766980434524258 -0.006963455716967991 -0.0071811189005399 -0.007423877644646609 -0.007685720357860169 -0.007948570430703138 -0.008193531753543945 -0.008404526467844328 -0.008547698894642217 -0.008447201289602366 -0.007997051246463528 -0.007459513761847961 -0.006928753313297047 -0.006443988933927624 -0.006037911427382565 -0.00573622475567593 -0.005549036635990042 -0.005469364894083549 -0.005484742296867788 -0.005583677165258465 -0.00573854691102104 -0.005914694131591837 -0.006086154171755905 -0.006222214983370855 -0.00625585613784446 -0.006098617377643258 -0.005811908365555498 -0.005570042989015134 -0.005490636295777056 -0.005619650725236922 -0.005948627241864428 -0.00643680579059804 -0.007031725845435754 -0.007666941647144833 -0.008165363211495353 -0.008261402730070547 -0.008189517290880792
-0.006010285105732996 -0.006152027607276219 -0.006319023236554213 -0.006505367360802704 -0.006707164850284047 -0.006929270925861854 -0.007185961036686625 -0.007471531911884141 -0.007751324390945995 -0.00799390607587388 -0.00817218932331497 -0.008239417093682616 -0.008107926537893989 -0.007755608357288691 -0.007289592403702846 -0.006799278941167442 -0.006334248256314073 -0.005927316844491134 -0.005600140087957868 -0.005361058160532396 -0.005205822509277272 -0.005130831231727259 -0.005153458325786394 -0.005235385899739532 -0.005320143864425505 -0.005375657418576764 -0.005369144641353026 -0.005259102289997635 -0.005023599370318426 -0.00472187230530702 -0.004484483981865881 -0.004436003599441198 -0.00463668949201938 -0.005068270643634688 -0.005669923541221054 -0.006380513907618965 -0.007154722463045745 -0.007945556274512223 -0.007844464356720603 -0.007731727223345693
-0.005719986655191489 -0.005869381473309153 -0.006048370487513421 -0.006246208769411531 -0.006452716143257609 -0.006669520174233235 -0.006936247505089111 -0.007254985025078321 -0.007551280068715673 -0.007784714487361374 -0.007927776454358451 -0.007945599950173278 -0.007800293619200135 -0.007493311063485515 -0.007081031331191481 -0.006627765394722257 -0.006180728376658653 -0.005772696533511624 -0.005424696006060888 -0.005145056380125281 -0.004929375590295099 -0.004764220558676715 -0.004728978865578713 -0.00474675911597597 -0.004742378272275515 -0.004688082286977759 -0.004555194214382045 -0.004319726749488924 -0.003984396669514618 -0.003610273647364744 -0.003325150122165417 -0.003283729997464854 -0.003566973411610324 -0.004121713519064991 -0.004840457446476367 -0.005636374659820765 -0.00643705851619784 -0.007066364207962852 -0.007235909182804399 -0.007209130323804191
-0.005422863776973643 -0.005583370234356728 -0.005780953162588037 -0.005998482098307567 -0.006217668046828421 -0.006423331174679468 -0.006690177238645654 -0.007061787751746811 -0.007370153775663427 -0.007590358675938122 -0.007701667038636156 -0.00768369663910491 -0.007524068144844407 -0.007234399538617721 -0.006852798509672348 -0.006424993945611292 -0.005990200709335963 -0.005579700923794491 -0.005215577768546737 -0.004908022281753368 -0.004656257416290643 -0.004459633292631127 -0.004355305950226323 -0.004293853721733648 -0.004205012789633171 -0.00405361876187321 -0.003812080668853373 -0.003463630703959232 -0.003016047527801266 -0.002524104497407599 -0.002123199362242788 -0.002047373955617876 -0.002439860543051643 -0.003152743770784042 -0.003993872918807917 -0.004853072634947775 -0.005645195880904229 -0.006245907765865616 -0.006557166624599865 -0.006657926475552052
-0.005117806222036824 -0.005294471316512284 -0.005520302858672434 -0.00576987592346769 -0.006021356801664002 -0.006263639232579297 -0.006558362334437577 -0.006923359824412662 -0.007225771153051869 -0.007427230666857913 -0.007507368427902108 -0.007455664297612125 -0.007274650792536583 -0.006983258068177368 -0.006613385800135893 -0.006198573455850403 -0.005768059479759259 -0.005351865025359106 -0.004975098729194216 -0.004650428348685488 -0.004380893184824847 -0.004168350842811449 -0.004013632836256174 -0.003882824716125527 -0.003723016296130431 -0.003492882311705517 -0.003163473403347597 -0.002719828199429848 -0.002165551947091296 -0.001533783803877038 -0.000933422172408214 -0.0007382754618541506 -0.001321072030489379 -0.002240073061996855 -0.003200056600337248 -0.004110150671437086 -0.004909202146616026 -0.005528585783077412 -0.005927697520995427 -0.006135160572198526
