examples_in_prep/malm_models/XYObs_real_f_m3_grd6.grd
DSAA
100 100
284213.5 284354.44
5036149 5036264.28
-0.033889712426096 0.0060848358667751
[rows 0 to 17 of 100, columns 0 to 39 of 100]
-0.01388752765695267 -0.01399481018159278 -0.01410440463456928 -0.01421639826879663 -0.01433091066132301 -0.0144480979353605 -0.01456815591679375 -0.01469132178696584 -0.0148178738340717 -0.01494812901250279 -0.01508243820267466 -0.01522117932413472 -0.01536474877855606 -0.01551355205429736 -0.0156679946584133 -0.01582847478323983 -0.01599537918064044 -0.01616908352593046 -0.01634995804507613 -0.01653837833624806 -0.01673474018990992 -0.01693947593563723 -0.01715306864422601 -0.01737605969886994 -0.01760904517412422 -0.01785265746879316 -0.01810753096874409 -0.01837425419317568 -0.01865331560417334 -0.01894505534287676 -0.01924963954961454 -0.01956707637272803 -0.01989729201604826 -0.02024028013601945 -0.02059632778405409 -0.02096630552374529 -0.02135198836799013 -0.02175634758115319 -0.02218371999250226 -0.02263972287946402
-0.01364337347068772 -0.01374734963890062 -0.01385344647202021 -0.01396173515318322 -0.01407232247155301 -0.01418535620177967 -0.01430102931259237 -0.01441958242562755 -0.01454130396817964 -0.01466652757004868 -0.01479562646319209 -0.0149290049617172 -0.01506708751927175 -0.01521030634657077 -0.01535908906036914 -0.01551384823274032 -0.01567497490133201 -0.01584283796530467 -0.01601779082545874 -0.01620018557872727 -0.01639039357940125 -0.01658882937994369 -0.01679597324044295 -0.01701238595369817 -0.01723870917044261 -0.01747564524748265 -0.01772391330894302 -0.01798418288205438 -0.01825699288273635 -0.01854267104385353 -0.01884127570438154 -0.01915258648709009 -0.01947617108969284 -0.01981155076034695 -0.02015847588601876 -0.02051730486833218 -0.02088945437616282 -0.02127785713793625 -0.02168731940956248 -0.02212460114794096
-0.01339844213378396 -0.01349910358500702 -0.01360167914038948 -0.01370622023348221 -0.01381281746833673 -0.01392160748221134 -0.01403277856501627 -0.0141465742810465 -0.01426329432830888 -0.01438329196374581 -0.0145069675492871 -0.01463475815411128 -0.01476712368169892 -0.0149045306429103 -0.01504743539464921 -0.01519626928841319 -0.01535142856785328 -0.01551327184236297 -0.01568212738072328 -0.01585831120688319 -0.01604215503571288 -0.01623404060834557 -0.01643443430398375 -0.01664391353806895 -0.01686317508437113 -0.01709301584496892 -0.01733427944813723 -0.01758776781823359 -0.01785412540391133 -0.01813371408523926 -0.01842650701179904 -0.01873203732387115 -0.01904944059613856 -0.01937762615096342 -0.01971560056158397 -0.02006294544427195 -0.02042042199450271 -0.02079064044653036 -0.02117868903138968 -0.02159252644804634
-0.01315290935621081 -0.01325026548573015 -0.01334931333217276 -0.01345008008658416 -0.01355263589485274 -0.01365710260515223 -0.01376366126035671 -0.01387255736669902 -0.01398410290559805 -0.01409867411440289 -0.01421670429136457 -0.01433867131895144 -0.01446508026229641 -0.01459644226010675 -0.01473325190260909 -0.01487596623772549 -0.01502498925457332 -0.01518066591176099 -0.01534328925548164 -0.01551312271489287 -0.01569043720182824 -0.0158755593064734 -0.01606892304501883 -0.01627111392727295 -0.01648289147052021 -0.01670517577110339 -0.01693898647400026 -0.01718532933536931 -0.01744503674633669 -0.0177185830050598 -0.01800591015815035 -0.01830631226844301 -0.01861843185674164 -0.01894042021580124 -0.01927030153508987 -0.01960655601159003 -0.01994889937822807 -0.0202991992017955 -0.0206624472244759 -0.02104764900173847
-0.01290695677765052 -0.01300103745206966 -0.01309657128232685 -0.01319355573703754 -0.01329203512621129 -0.01339211171921341 -0.0134939556955888 -0.01359781270531339 -0.01370400766720067 -0.01381294342760731 -0.01392509310704319 -0.01404098544540238 -0.01416118325798543 -0.01428625622588586 -0.01441675058390939 -0.01455315966144384 -0.01469590040582526 -0.01484530162610612 -0.01500160936444512 -0.01516501321072013 -0.01533569434912772 -0.01551389173757436 -0.01569997747522452 -0.01589452689314819 -0.01609836436091518 -0.01631256370677101 -0.01653838416458114 -0.01677713047829976 -0.01702994010602685 -0.01729752046053538 -0.01757988110916595 -0.01787612400772756 -0.01818436436860995 -0.0185018547826496 -0.01882537552359101 -0.01915192666105112 -0.0194797025494581 -0.01980927140457453 -0.02014490142969821 -0.02049607689099063
-0.01266077115324694 -0.01275162986044642 -0.012843686945823 -0.01293690349465475 -0.01303129122812116 -0.01312692656686514 -0.01322396376818208 -0.01332264562053455 -0.01342330990851466 -0.0135263897441526 -0.01363240599780575 -0.01374195055788276 -0.01385566008504436 -0.01397418132860744 -0.01409813087141827 -0.01422805416500616 -0.0143643905659382 -0.01450745231432302 -0.01465742546585963 -0.0148143991928178 -0.01497842626632403 -0.01514961189162412 -0.01532822079265895 -0.01551478445001742 -0.01571018312303745 -0.01591567263946605 -0.01613282624184103 -0.0163633696704287 -0.01660890542211534 -0.01687054977052566 -0.01714853867832242 -0.01744188598104014 -0.01774819024041138 -0.01806368721945293 -0.01838364146676027 -0.01870315042678312 -0.0190183511581129 -0.01932788027609284 -0.01963445004004288 -0.01994683496612068
-0.01241454319455973 -0.012502260675354 -0.0125909059705157 -0.01268039573253309 -0.01277070065465731 -0.01286186314283916 -0.01295401452515863 -0.01304738996024606 -0.01314233876223175 -0.01323932756880179 -0.01333893378058598 -0.01344182715123983 -0.01354873845161854 -0.01366041585182367 -0.01377757202764998 -0.01390082779236761 -0.0140306608576515 -0.01416737050818832 -0.01431106976589814 -0.01446171525187405 -0.01461918083584673 -0.01478337408346346 -0.01495438482593215 -0.0151326439348836 -0.01531905933832568 -0.01551508782024098 -0.01572269818890877 -0.01594418790283459 -0.01618183599711252 -0.01643741309139803 -0.01671161883277166 -0.01700355971505998 -0.01731039517550094 -0.01762727202556683 -0.01794767343717908 -0.01826433094172264 -0.01857075386764196 -0.0188630806654682 -0.01914172468566408 -0.0194130919697073
-0.01216846595359629 -0.01225315434908413 -0.01233848533712966 -0.01242432149021068 -0.01251058200406787 -0.01259726471604779 -0.01268446843754045 -0.01277241342932833 -0.01286145716842892 -0.01295210200548895 -0.01304499107861931 -0.0131408891595773 -0.01324064619396281 -0.01334514333612873 -0.0134552243105517 -0.0135716187591899 -0.01369486835652786 -0.0138252700640097 -0.01396285288176142 -0.01410740369863616 -0.01425855338274189 -0.01441592559270942 -0.01457933815510358 -0.01474903142768998 -0.01492588199770835 -0.01511154617382433 -0.01530846937423615 -0.01551969962906215 -0.01574846457723624 -0.01599752184595316 -0.01626837093570403 -0.01656048795288626 -0.01687076014495212 -0.01719325189184767 -0.01751943254747327 -0.01783914211039507 -0.01814261435365592 -0.01842314660647111 -0.0186788515732331 -0.01891282489404949
-0.01192273261914167 -0.01200454014358909 -0.01208669249754687 -0.01216898673701834 -0.01225127769760003 -0.01233350514375941 -0.01241572243173197 -0.01249812420508704 -0.01258106965101461 -0.01266509692733704 -0.01275092376268693 -0.01283942925077366 -0.01293161286104316 -0.01302852899487729 -0.01313119919968443 -0.0132405092834458 -0.01335710448421485 -0.01348130147863797 -0.01361303988091149 -0.01375189633453492 -0.01389717984894188 -0.01404811673266515 -0.01420411729376438 -0.01436509571577058 -0.01453179193780549 -0.01470602349261291 -0.01489077920362891 -0.01509005953712627 -0.0153083824917991 -0.0155499349620892 -0.01581747540182109 -0.0161112359381122 -0.01642809970912545 -0.01676117683512516 -0.01709979205395321 -0.0174302668825088 -0.01773858783332218 -0.01801503144273372 -0.01825695783123008 -0.01846630201282528
-0.01167753356283386 -0.01175664967267826 -0.01183580377917039 -0.01191471405148823 -0.01199315535562958 -0.01207099231355961 -0.01214821562800205 -0.01222497895853488 -0.01230163224994763 -0.01237874599069127 -0.01245711970808357 -0.01253776751022044 -0.01262187418552566 -0.01271071780672717 -0.01280555935103292 -0.01290750656920938 -0.01301736763210194 -0.01313551861098511 -0.01326181557558076 -0.01339558464665876 -0.01353571950375548 -0.0136809040198861 -0.01382995733008958 -0.01398227101317804 -0.01413827701589295 -0.01429985576139665 -0.01447056912649735 -0.01465558111193071 -0.01486111948994166 -0.01509338527245998 -0.01535701270965305 -0.01565348502477464 -0.01598001965584517 -0.01632905325855693 -0.01668791734157767 -0.01703876347860071 -0.01736140011102447 -0.01764231566896965 -0.017881725817767 -0.01808712693399068
-0.01143305245693493 -0.01150971342787325 -0.01158610176518367 -0.01166184139030753 -0.01173660854138062 -0.0118101714319244 -0.01188243562352878 -0.011953492321015 -0.01202366493605738 -0.01209354717597542 -0.01216402393344597 -0.01223626492244184 -0.01231168106137288 -0.01239183588780174 -0.01247830955290328 -0.01257252152648561 -0.01267552955736566 -0.0127878350278394 -0.01290923581628705 -0.01303877373230245 -0.01317482132038645 -0.01331533988994312 -0.01345831552868237 -0.01360234320071719 -0.01374728620102754 -0.01389489937967022 -0.01404927437655025 -0.01421692836259174 -0.01440629702972878 -0.01462637709400243 -0.01488452292368206 -0.01518405738512767 -0.01552280148827756 -0.01589285936296976 -0.01628034336053189 -0.01666326780557056 -0.01701129644002045 -0.0173032768057311 -0.01754874921212149 -0.01777057018329276
-0.01118946126391321 -0.01126395600517047 -0.01133787128332231 -0.01141071950704528 -0.01148205639282916 -0.01155152769931164 -0.01161892496708539 -0.01168424766425065 -0.01174776672576833 -0.01181008154225286 -0.01187215935726975 -0.01193534343342344 -0.01200131523634933 -0.01207199751444399 -0.01214939082169515 -0.01223534665126909 -0.01233129575817654 -0.01243796851042698 -0.01255516131655376 -0.01268161434559313 -0.01281506640131173 -0.01295253969725457 -0.0130908774756214 -0.0132275088722636 -0.0133613540419813 -0.01349372964224422 -0.01362909016921403 -0.01377541145119916 -0.01394388755147155 -0.01414737639459477 -0.01439719242954134 -0.0146991899682489 -0.01505165580356009 -0.01544626007796977 -0.01586941375591879 -0.01629816217443364 -0.01668613038550951 -0.01698907108719752 -0.01724120752548522 -0.0174916425159295
-0.01094691389936086 -0.01101958972302804 -0.01109139356923061 -0.01116170746448739 -0.01122994149120239 -0.0112955876864874 -0.01135828721070647 -0.01141790879803686 -0.01147463350167029 -0.01152903679613161 -0.01158215452844202 -0.01163551477681901 -0.01169111464783205 -0.01175132118984021 -0.01181868101504914 -0.01189563580162098 -0.01198416123899232 -0.01208537314190718 -0.01219917084356189 -0.012324006890851 -0.01245687717108899 -0.01259361381847487 -0.01272953070320637 -0.0128604087772067 -0.0129837148968536 -0.01309986293795628 -0.01321332221768663 -0.01333343373006758 -0.01347463928616097 -0.01365511309925762 -0.01389217320050681 -0.01419518260878709 -0.01456175813897465 -0.01498137204047604 -0.01544135314749579 -0.01592656149882218 -0.0163820160356884 -0.01667754491469724 -0.01693008101005388 -0.01721530877099766
-0.01070553837940117 -0.01077680630035765 -0.01084693810088516 -0.01091516554890176 -0.01098072509824815 -0.0110429184240538 -0.01110119154504502 -0.01115523177011061 -0.01120507814912248 -0.01125123600049104 -0.01129477965375289 -0.01133742058063115 -0.0113815121229841 -0.01142995941692837 -0.01148600700332993 -0.01155289050069664 -0.01163336500662728 -0.01172916013111805 -0.01184045180484277 -0.01196547134307088 -0.01210038275040179 -0.01223954987899069 -0.01237628615812995 -0.01250410830781098 -0.01261836735576196 -0.0127179570918245 -0.01280680602325293 -0.012895160798029 -0.01300080444189729 -0.01314904302787411 -0.01336697028530778 -0.01366947244794668 -0.01405043751625701 -0.01449215313204131 -0.01497896291227918 -0.01550221740349765 -0.01605068765722609 -0.01630946127093625 -0.01657952030322657 -0.01690867641106449
-0.01046542731697342 -0.01053576628601989 -0.01060475156917248 -0.01067144478111005 -0.010734878671084 -0.01079412286367134 -0.01084837453951766 -0.01089707536319442 -0.01094005199586128 -0.01097767121226809 -0.01101099196658666 -0.01104188645039493 -0.01107309198293785 -0.01110814838333033 -0.01115117564136258 -0.01120646006631808 -0.01127784957870302 -0.0113680115793407 -0.0114776690566249 -0.01160497873008189 -0.01174522942143644 -0.01189102763480754 -0.0120331246880142 -0.01216199118745692 -0.01227002624451183 -0.01235388574271378 -0.01241629527700089 -0.01246747594580547 -0.01252751245349363 -0.01263019522882279 -0.01281975547977098 -0.01312215236122801 -0.01352033938314636 -0.01398027841202794 -0.01447731430657943 -0.01499244239764005 -0.01547406121927857 -0.01583513192546215 -0.0161672094606899 -0.01654979356037619
-0.01022662672344643 -0.0102965859988392 -0.01036504346181518 -0.01043087213538653 -0.01049287033763402 -0.01054982995928613 -0.01060063688873093 -0.01064440806499658 -0.01068066558661752 -0.01070954088467478 -0.01073199075229383 -0.01074999252633481 -0.01076666974983191 -0.01078628550096281 -0.01081403356799568 -0.01085556644293639 -0.01091623595167346 -0.01100009624959825 -0.01110881822121935 -0.01124074444123638 -0.01139032610863301 -0.0115481459330107 -0.01170174398142671 -0.01183753538787677 -0.01194388684705808 -0.01201450020349305 -0.01205051065963038 -0.01206107542821368 -0.01206552781493532 -0.01210346152161469 -0.01224945403664248 -0.01255867475744728 -0.01298298339648735 -0.01345863411269861 -0.01395390187513333 -0.01444712121662644 -0.01490608107092786 -0.01530922726602779 -0.01569785222453408 -0.01613015686560343
-0.009989123217868996 -0.01005932187323351 -0.0101279678265622 -0.01019373056357692 -0.01025514483014499 -0.01031067718482136 -0.0103588323263853 -0.01039830821192635 -0.01042820545160635 -0.01044828832914456 -0.01045928090398984 -0.01046316210137869 -0.01046340033996929 -0.01046504451410885 -0.01047456929907681 -0.01049936927486402 -0.01054683000056877 -0.0106230034453674 -0.0107310795463395 -0.0108699945074978 -0.01103351978181205 -0.01121003437977877 -0.01138317480826453 -0.01153395832375759 -0.01164515516671659 -0.01170684326815751 -0.01171919886897857 -0.01169065153620042 -0.01163601807114834 -0.01158640412015831 -0.01165555789179811 -0.01199863011290304 -0.01246259014967439 -0.01294853102176764 -0.01343361875094571 -0.01390501253663272 -0.01434938985279187 -0.01476640346801037 -0.0151850876789934 -0.01565009027581945
-0.009752829978132115 -0.00982395235508899 -0.009893601005075275 -0.009960233053874728 -0.0100220953148886 -0.01007728293617611 -0.01012384507300963 -0.01015995269997367 -0.01018414168617651 -0.01019563623886267 -0.01019474139386596 -0.01018326775176315 -0.01016491926126834 -0.01014553934194827 -0.01013307528389839 -0.01013709288018421 -0.01016768315880181 -0.01023372008379606 -0.01034070409182433 -0.01048873982793456 -0.01067121353257707 -0.01087430815334601 -0.01107719953136854 -0.01125373869510054 -0.01137840107648654 -0.01143669406018597 -0.01143044005400882 -0.01137131915890935 -0.01127203943796212 -0.01114324878164508 -0.01103812651146153 -0.01150740544087015 -0.01199574487947412 -0.01247234466222308 -0.01293535796622365 -0.01338079151475168 -0.01380555315923238 -0.01421657740791059 -0.01463904376045181 -0.01511339892301077
