examples_in_prep/malm_models/XYObs_real_f_m3_grd6.grd
DSAA
100 100
284213.5 284354.44
5036149 5036264.28
-0.033889712426096 0.0060848358667751
[rows 36 to 53 of 100, columns 40 to 79 of 100]
-0.005828399592212812 -0.005851780597812381 -0.005757801742688373 -0.005548875647257913 -0.005229944410638786 -0.004821077924293783 -0.004418932327283821 -0.004636689761999136 -0.005638615087284323 -0.006700315275467177 -0.007669476788782178 -0.008489151594932957 -0.009112354257630946 -0.009509030387070286 -0.00968696730974692 -0.009701543341366184 -0.009647201017272195 -0.009612363196270905 -0.009607228798181934 -0.009602898002849429 -0.009587802020782306 -0.009575816010871825 -0.009623226192506126 -0.009802505606467584 -0.01005144320467053 -0.01024397160113261 -0.01030778400919136 -0.01021692192321817 -0.009977659168008956 -0.009616206249539279 -0.009169669105811183 -0.00869464321689422 -0.008336608974479843 -0.008231727032002527 -0.008232748791833259 -0.008267890108118018 -0.008330255813310422 -0.008427035028235885 -0.008568522496931144 -0.008754811287291678
-0.00553695628830138 -0.005634237888495883 -0.005600730832780245 -0.005437593093368037 -0.005159963160356969 -0.004822346448926362 -0.004581023091600178 -0.004741129800953596 -0.00536039051824561 -0.006150265009927346 -0.006923281469247733 -0.007591819610673056 -0.008106499251931054 -0.008443330081914151 -0.008605914687973721 -0.008630523176320744 -0.008612037170697749 -0.008699403703645631 -0.008852213562980198 -0.00899873999856198 -0.009135333145633679 -0.009283395332229025 -0.009478463970522306 -0.009740160906957871 -0.01002267284568862 -0.01023460399795411 -0.01029772686503521 -0.01017846937585626 -0.009890085900568734 -0.009469914916776918 -0.008956793952515998 -0.008383804636794138 -0.007882802725886238 -0.007903259408066651 -0.00794398140731949 -0.007999889198055494 -0.008082291197069378 -0.008200995707032718 -0.008361661230324752 -0.008560274767523383
-0.005332891286872634 -0.00551636516523343 -0.005563066231498595 -0.0054684555756316 -0.005250954137813195 -0.004977136115247258 -0.004785205484904877 -0.004846255275826441 -0.005204333517936962 -0.005738720073793024 -0.00630971278775909 -0.006823054138945689 -0.007226624646406771 -0.007498648006366248 -0.007637845405854752 -0.007657857693063264 -0.007603112806605339 -0.007848616635526511 -0.008159211800415286 -0.008440984653549784 -0.008713144039762137 -0.008999783207922036 -0.009322880152154267 -0.009683436905852509 -0.01003819382745696 -0.0103004307057496 -0.01037522003689807 -0.01022138121840768 -0.009874706200578367 -0.009398562272780639 -0.008845848824666828 -0.008266584525708781 -0.007820169238139571 -0.007722210080276908 -0.007727046598945493 -0.007770588665048663 -0.007853909359974896 -0.007982004729581306 -0.008155819553572662 -0.008368721324450138
-0.00520853380327739 -0.00549237297126187 -0.005637595305042095 -0.005625078835385233 -0.005462984792163705 -0.005211116604744999 -0.004987353281711111 -0.004923698269390323 -0.005078852678798716 -0.005403723441849909 -0.005795143041386288 -0.006161865918279033 -0.006456510304005737 -0.006665934192966509 -0.006791361014106767 -0.006843969524584485 -0.006883461226391692 -0.007169702827924066 -0.0075525954827431 -0.007929403648147546 -0.0083091894498598 -0.008710120938196441 -0.009146042873582878 -0.009612968368371562 -0.01007128051642594 -0.01042595795527647 -0.01053300782741203 -0.01032862769871221 -0.009906990010115949 -0.009376965936857057 -0.008806688258494407 -0.008260647366561347 -0.007846273710084228 -0.007637474464676011 -0.007564342013029769 -0.007568929088231266 -0.007636511629278416 -0.007763342692436211 -0.007944363565436619 -0.008170505588604873
-0.005146101880253265 -0.00554881222441648 -0.005814459051254668 -0.005897117321328559 -0.005778755880459279 -0.005502258481967983 -0.005181670245717474 -0.004962058511112666 -0.004938509580748734 -0.005099911641879908 -0.00534871630668061 -0.005583272341337211 -0.005771792329384454 -0.005923469291746204 -0.006048014828671572 -0.006162614581818303 -0.006325423442963896 -0.006623319361964575 -0.007020492926018685 -0.007453643480822643 -0.007911250889891955 -0.008401037571775051 -0.008931230858052459 -0.009499702639594702 -0.01008056334311069 -0.01058541516049389 -0.01076233473553256 -0.01046054515679879 -0.009940410398105655 -0.009361092878614249 -0.008782161621210064 -0.008253458420598872 -0.007835364219554416 -0.007563359941040665 -0.007419545421752229 -0.007375892509287777 -0.007418349542057159 -0.007537065502345257 -0.007719712717875059 -0.007953200754593839
-0.005117746076623232 -0.005664606052448122 -0.006082956632535749 -0.006284539607230064 -0.006204109074473025 -0.005856334065064578 -0.005368448290946655 -0.004943741303223369 -0.004746513318937504 -0.004791965236452839 -0.004949218691549522 -0.005060740837619335 -0.005139967865876964 -0.005238959102051493 -0.005369945537825563 -0.005541162193468749 -0.005778924628078647 -0.006111488642472243 -0.006526859486625592 -0.006995719814163873 -0.007506128909927474 -0.008059363741615352 -0.008658983702977794 -0.009305061045701269 -0.009990648113712078 -0.01068840382723193 -0.01103960017827056 -0.01051662805256954 -0.009906283423990185 -0.009302711023350393 -0.008727714999853217 -0.008209410017858495 -0.007781423841221573 -0.007465751951153557 -0.007264146474129471 -0.007172475856200679 -0.007187550111466415 -0.007296587355719792 -0.007477075237765762 -0.007707890552779199
-0.005083981341507756 -0.005807937215487083 -0.006428864682616318 -0.006796980574061893 -0.006766702861263768 -0.006301023267365643 -0.00555235035079227 -0.004839640505121281 -0.004460093101624366 -0.004439401705350331 -0.004588896405790536 -0.004553981835594343 -0.004519029543450176 -0.004577080611836554 -0.004722924125240829 -0.004944356635391456 -0.005239004712812637 -0.005608940126767045 -0.006046481777926735 -0.00653947137520199 -0.007082749611197753 -0.007675567122043157 -0.00831548589376273 -0.008997675030443077 -0.009713582503986244 -0.01043561002182526 -0.01080721986039879 -0.01031968955150113 -0.009740158349146084 -0.009167008030580126 -0.008619429643367064 -0.008117734862004913 -0.007684178460990729 -0.007335842606261423 -0.007083980580101469 -0.006944690554692407 -0.006935208785446129 -0.007039965049219913 -0.007218436668103095 -0.007438382467577298
-0.004990744053755275 -0.005928863740635035 -0.006825360699796763 -0.007448440752836454 -0.007515969568423676 -0.006891109957412735 -0.005754260850292208 -0.004607804577488739 -0.004042660425298873 -0.003986682393067932 -0.004112036177224986 -0.003968058295711146 -0.003865035154786305 -0.003909228102562097 -0.004086704112301341 -0.00436141038963868 -0.004707753975668798 -0.005113239053980011 -0.005570232625754387 -0.006076121228299862 -0.006635284328752563 -0.00724762925607766 -0.007900946450629392 -0.008577833564985831 -0.00924904109481889 -0.009831099882312554 -0.01008370419835764 -0.009866341206216368 -0.009435094065440958 -0.008946492545806277 -0.008452068262222294 -0.007979156165040323 -0.007549034082240593 -0.007177612205340549 -0.00687878108942879 -0.006684929248160865 -0.006658130947993043 -0.006773731194131991 -0.006953891567216137 -0.007159635378885591
-0.004766610307787399 -0.005947187892774557 -0.007213197933982998 -0.008242478472154216 -0.008518737863531167 -0.007708804133636161 -0.006055217132125372 -0.004201157183798608 -0.003549558434823605 -0.003488366161672204 -0.003439739648877807 -0.003285021787303614 -0.00316259050054108 -0.003223239089090598 -0.003458088288300748 -0.003795980259873709 -0.004193522872690843 -0.004631147134646615 -0.005100615946452084 -0.005604963713282463 -0.00616404183935613 -0.006782785635852918 -0.007430734477412627 -0.008077475518211141 -0.008681898916402309 -0.00916231439300318 -0.009392223612002145 -0.009319609940089339 -0.009040220659789332 -0.008659040649159733 -0.008234550291013497 -0.007801651001340706 -0.007385801565233296 -0.007004330921696752 -0.006667296200540082 -0.006396849536754234 -0.006369109049551993 -0.006518429440730906 -0.006699389090862514 -0.006888018248457073
-0.004324518383630646 -0.005738780036327177 -0.007462860454464534 -0.009131429500801888 -0.009842691382899352 -0.008802968092247997 -0.006628658054863682 -0.004197040265056433 -0.003374887966665023 -0.003130391854965864 -0.002892190733393507 -0.002623628162015549 -0.002429279678490952 -0.002529537260319774 -0.002854741554366777 -0.003263705084219515 -0.003710410523432728 -0.004175434085241874 -0.004649762990706986 -0.005134773796397082 -0.00567524809887502 -0.006298310680773766 -0.00692887902362209 -0.007535895320581768 -0.008081875007309548 -0.008506830205558627 -0.008742532635280076 -0.008763220441829686 -0.008607339318313192 -0.008332164179038721 -0.007982635395711025 -0.007595895580315353 -0.007204474351285409 -0.006831434102843821 -0.006489185635113329 -0.006190392811111194 -0.006159105253972004 -0.006306049481974987 -0.006470040359970183 -0.00663503924035929
-0.003576772895233179 -0.005135627511729862 -0.007322785797368845 -0.009879532684700787 -0.01153468356306314 -0.009965549645666608 -0.007321671070631445 -0.004987145280743643 -0.003628098141911702 -0.002949669702441772 -0.002479841799859814 -0.002065008279774811 -0.001695363478702082 -0.001890896062364127 -0.002318434819055863 -0.002787780339821833 -0.003275223437129091 -0.003761246457010283 -0.004236703824422828 -0.004701236632482963 -0.005209801513894712 -0.005821796245519376 -0.006418946045065877 -0.006982264016692877 -0.007482100856130268 -0.007877479713015532 -0.008129046254410686 -0.008221094235533716 -0.008167149785041602 -0.007989867559281031 -0.007711788040969467 -0.007370231152265738 -0.00700958927518187 -0.006662630378879249 -0.006353442934318784 -0.006124045972088901 -0.006063771783371638 -0.006143996886133046 -0.006270390346393166 -0.006405089229443143
-0.002475857284613947 -0.003971222081346246 -0.006453288043786387 -0.009674801472164573 -0.0131242245971255 -0.01028234682830505 -0.007513121088434882 -0.005277272048194412 -0.003749426200994741 -0.002800034235373706 -0.002160854944349345 -0.001673235667458835 -0.00133590188131274 -0.001473155694614049 -0.001890583693968479 -0.002387492250897975 -0.002902684271729513 -0.003400679754713912 -0.003873426425881518 -0.004334320737024812 -0.004826654971193307 -0.005369607866212477 -0.005914989495898019 -0.006432054785096179 -0.006894293635252122 -0.007272699147438009 -0.007542841573671764 -0.007694629077164936 -0.00773113590487612 -0.007648267407944192 -0.00743232609427833 -0.007126251226178626 -0.006797418289297148 -0.006486161821342865 -0.006220927730702248 -0.006036879820294779 -0.005969359249282142 -0.006004559166675325 -0.006092639487766391 -0.006196115460240283
-0.001103019098705093 -0.002174189879432992 -0.004771854683161619 -0.007851969814027448 -0.009837181719981455 -0.00890821718894241 -0.006875412974986509 -0.004988198346331619 -0.003545876305609496 -0.002545161855717699 -0.001860264693218795 -0.001390095385179598 -0.001138664901887315 -0.001203242255995198 -0.001557406817609136 -0.002068740994795012 -0.002603347826568568 -0.003099948791236643 -0.003555805570043237 -0.003994836952833398 -0.004449047200650126 -0.00493014251456884 -0.005418750695575789 -0.005889802186698283 -0.006319749694507462 -0.006686387634014224 -0.006973050232227419 -0.007173828886739233 -0.007292392600395643 -0.007314918909217868 -0.007143035423062263 -0.006854576376465732 -0.006557810487741779 -0.006286354518836944 -0.006063430409597684 -0.005912459177369115 -0.005848959004713432 -0.005863393431218654 -0.005925100478846355 -0.006002660934304079
0.0001529613736991958 6.538855568468662e-005 -0.002875387117985125 -0.005509204274708148 -0.006999939049366762 -0.006818528632408846 -0.00561352971974779 -0.004217305115974248 -0.003021349302546745 -0.002129551771448458 -0.001512139452074296 -0.001115594385731432 -0.0009215235870267948 -0.000946962617332649 -0.001273419839433727 -0.001836883494547743 -0.00238739485511755 -0.002860951528190511 -0.00327489982026053 -0.003666813087003806 -0.004068278161453731 -0.004490904466264134 -0.004925552477371288 -0.005353714471959352 -0.005755289765724728 -0.00611165738625763 -0.006409282878356589 -0.006643468605398426 -0.006819508435025983 -0.006950108822854783 -0.006798271991542997 -0.006534138657231913 -0.006279551120248604 -0.006052400224774089 -0.005870363967091454 -0.005749485554230412 -0.005697971901366799 -0.005708555374241847 -0.00575852144675989 -0.005818901262855847
0.0008674171163643809 0.0002808349401357271 -0.001512645651937633 -0.003449793858425559 -0.00461912842917877 -0.004736680577546273 -0.004080297409038574 -0.003136271438226013 -0.00224593351372644 -0.001556223196380276 -0.001087951078866268 -0.0008155428434335326 -0.0007105896130166418 -0.0007354299911903099 -0.001062143662360333 -0.001725842614289084 -0.002267063983880173 -0.002680689381104121 -0.003019463102192869 -0.003340584102283641 -0.003678701004149165 -0.00404407786636202 -0.004429535911602167 -0.004819673444311756 -0.005196807243356508 -0.005543423461326842 -0.00584552515763204 -0.006095322286764282 -0.006288238444915281 -0.006398109717229535 -0.006332547607842622 -0.006153237145830886 -0.005958221147774665 -0.005780543603262929 -0.005639354231530159 -0.005548491762751577 -0.005514594885207626 -0.005533339822403478 -0.005586348722890248 -0.005640144465260808
0.001341137024882378 0.0007206210594243715 -0.0004680058943388606 -0.001773833287092454 -0.00264199838367769 -0.002846739412738572 -0.002502417903668511 -0.001898755755628207 -0.00130338942237351 -0.0008579898509441724 -0.0005906207209881618 -0.0004870291066760352 -0.0005310607598464508 -0.000719444469259415 -0.001155752621134115 -0.001771002941999654 -0.002244641564166902 -0.002543875499440431 -0.002769210891975924 -0.00300055291918431 -0.003270597816369469 -0.003582576427777085 -0.003925404220246852 -0.004283642491612848 -0.00464134871806485 -0.004979911807586964 -0.005282317087500056 -0.00553642575169732 -0.005729629049938483 -0.005836560157239151 -0.005827908458106955 -0.005730459979410169 -0.005600182589430392 -0.005473489232719417 -0.005372291673724654 -0.005310892486411278 -0.005296984166351561 -0.005330607980249651 -0.005400767003495614 -0.005463037052717406
0.001835618993186898 0.00130832536262641 0.0004922879130611934 -0.0003762579007890667 -0.0009870650036521056 -0.001178259688700583 -0.0009893515841235794 -0.0006076350469092072 -0.0002653059618558536 -7.979901964207944e-005 -3.984680711979083e-005 -0.0001276742800264313 -0.0003487958947359926 -0.0007300897508783263 -0.00130204806930425 -0.001929283312404214 -0.002295218679703919 -0.0024097983524911 -0.002488081684545335 -0.002623343300967934 -0.002831098147881996 -0.00309973236459502 -0.003409637916142106 -0.00374296406597793 -0.004088350383281823 -0.004422871269242842 -0.00472492022205763 -0.004980404443427489 -0.00517567735778743 -0.005294444297541406 -0.005327420395557162 -0.005290707179694253 -0.005217592981173093 -0.00513807619492087 -0.005073724868754585 -0.005039264551490374 -0.005043637129851098 -0.005090450229702243 -0.005178834470343373 -0.005279970530867282
0.002383513332625804 0.001966042825233831 0.00140206969801986 0.0008273023029365166 0.0004155740289687364 0.0002730049533659612 0.0003991959597093369 0.0006726092456761359 0.0008119187865763416 0.0007219783782811936 0.0005330579506880967 0.0002645404757547929 -0.0001120562535679821 -0.0006390986258910522 -0.001347593194575759 -0.002130294330660172 -0.002347626362746055 -0.002193091619471071 -0.002123092323701975 -0.002181338340874495 -0.002347562413322 -0.002591144110834179 -0.002882868178602132 -0.003198039963621323 -0.003541932627162583 -0.003876950187694696 -0.004179970829604119 -0.004438093787210722 -0.004639569234949821 -0.004774505940579754 -0.004840534609993985 -0.004849095191635843 -0.00482207535880206 -0.004782601012686866 -0.004749853766222429 -0.004737969881830981 -0.004755964058768832 -0.004807376282907578 -0.004887184230263592 -0.004954593404978713
